# core rows z 128..256 (rows), x 0..320, every 2 m; written by assets/greybox/core/gen_core.py
0.60 0.60 0.60 0.60 0.60 0.60 0.60 0.60 0.60 0.60 0.60 0.60 0.60 0.60 0.60 0.60 0.60 0.60 0.60 0.60 0.60 0.60 0.60 -1.20 -1.20 -1.20 1.00 1.00 1.06 1.20 1.37 1.51 1.57 1.55 1.44 1.29 1.16 1.04 0.94 0.87 0.83 0.83 0.87 0.94 1.05 1.20 1.36 1.55 1.75 1.95 2.02 1.87 1.53 1.11 0.75 0.60 0.60 0.60 0.60 0.60 0.60 0.60 0.60 0.60 0.60 0.60 0.60 0.60 0.60 0.60 0.60 0.60 0.60 0.60 0.60 0.60 0.60 0.60 0.60 0.60 0.60 0.60 0.60 0.60 0.60 0.60 0.60 0.60 0.60 0.60 0.60 0.60 0.60 0.60 0.60 0.60 0.60 0.60 0.60 0.60 0.60 0.60 0.60 0.60 0.60 0.60 0.66 0.85 1.15 1.50 1.80 0.56 0.28 -0.11 -0.49 -0.77 -0.94 -0.99 -0.94 -0.77 -0.49 -0.11 0.28 0.56 1.04 1.01 0.00 0.00 0.00 0.00 0.00 0.00 0.00 0.00 0.00 0.00 0.00 0.00 0.00 0.00 0.00 0.00 0.00 0.00 0.00 0.00 0.00 0.00 0.00 0.00 0.00 0.00 0.00 0.00 0.00 0.00 0.00 0.00 0.00 0.00 0.00
0.60 0.60 0.60 0.60 0.60 0.60 0.60 0.60 0.60 0.60 0.60 0.60 0.60 0.60 0.60 0.60 0.60 0.60 0.60 0.60 0.60 0.60 0.60 -1.20 -1.20 -1.20 1.00 1.00 1.06 1.21 1.38 1.51 1.56 1.51 1.38 1.22 1.08 0.96 0.87 0.81 0.79 0.81 0.86 0.96 1.08 1.24 1.42 1.61 1.80 1.99 2.06 1.88 1.53 1.10 0.75 0.60 0.60 0.60 0.60 0.60 0.60 0.60 0.60 0.60 0.60 0.60 0.60 0.60 0.60 0.60 0.60 0.60 0.60 0.60 0.60 0.60 0.60 0.60 0.60 0.60 0.60 0.60 0.60 0.60 0.60 0.60 0.60 0.60 0.60 0.60 0.60 0.60 0.60 0.60 0.60 0.60 0.60 0.60 0.60 0.60 0.60 0.60 0.60 0.60 0.60 0.60 0.68 0.92 1.27 1.67 0.59 0.32 -0.16 -0.65 -1.04 -1.27 -1.36 -1.38 -1.36 -1.27 -1.04 -0.65 -0.16 0.32 0.59 0.91 0.93 0.98 0.00 0.00 0.00 0.00 0.00 0.00 0.00 0.00 0.00 0.00 0.00 0.00 0.00 0.00 0.00 0.00 0.00 0.00 0.00 0.00 0.00 0.00 0.00 0.00 0.00 0.00 0.00 0.00 0.00 0.00 0.00 1.07 1.27
0.60 0.60 0.60 0.60 0.60 0.60 0.60 0.60 0.60 0.60 0.60 0.60 0.60 0.60 0.60 0.60 0.60 0.60 0.60 0.60 0.60 0.60 0.60 -1.20 -1.20 -1.20 1.00 1.00 1.07 1.22 1.39 1.50 1.53 1.47 1.32 1.17 1.03 0.91 0.83 0.79 0.79 0.82 0.89 1.00 1.14 1.30 1.48 1.67 1.85 2.03 2.07 1.87 1.51 1.09 0.74 0.60 0.60 0.60 0.60 0.60 0.60 0.60 0.60 0.60 0.60 0.60 0.60 0.60 0.60 0.60 0.60 0.60 0.60 0.60 0.60 0.60 0.60 0.60 0.60 0.60 0.60 0.60 0.60 0.60 0.60 0.60 0.60 0.60 0.60 0.60 0.60 0.60 0.60 0.60 0.60 0.60 0.60 0.60 0.60 0.60 0.60 0.60 0.60 0.60 0.60 0.60 0.70 0.98 1.39 1.82 0.46 -0.02 -0.60 -1.10 -1.36 -1.40 -1.40 -1.40 -1.40 -1.40 -1.36 -1.10 -0.60 -0.02 0.46 0.84 0.88 0.96 1.07 1.80 1.80 1.80 1.80 1.80 1.80 1.80 1.80 1.80 1.80 1.80 1.80 1.80 1.80 1.80 1.80 1.80 1.80 1.80 1.80 1.80 1.80 1.80 1.80 1.80 1.80 1.80 1.80 1.80 1.15 1.32 1.51
0.60 0.60 0.60 0.60 0.60 0.60 0.60 0.60 0.60 0.60 0.60 0.60 0.60 0.60 0.60 0.60 0.60 0.60 0.60 0.60 0.60 0.60 0.60 -1.20 -1.20 -1.20 1.00 1.00 1.07 1.22 1.38 1.49 1.50 1.42 1.28 1.13 1.00 0.90 0.84 0.81 0.82 0.87 0.96 1.08 1.22 1.39 1.56 1.73 1.90 2.05 2.06 1.84 1.47 1.06 0.73 0.60 0.60 0.60 0.60 0.60 0.60 0.60 0.60 0.60 0.60 0.60 0.60 0.60 0.60 0.60 0.60 0.60 0.60 0.60 0.60 0.60 0.60 0.60 0.60 0.60 0.60 0.60 0.60 0.60 0.60 0.60 0.60 0.60 0.60 0.60 0.60 0.60 0.60 0.60 0.60 0.60 0.60 0.60 0.60 0.60 0.60 0.60 0.60 0.60 0.60 0.60 0.72 1.04 1.48 0.59 0.27 -0.34 -0.96 -1.34 -1.40 -1.40 -1.40 -1.40 -1.40 -1.40 -1.40 -1.34 -0.96 -0.34 0.27 0.59 0.87 0.97 1.09 1.80 1.80 1.80 1.80 1.80 1.80 1.80 1.80 1.80 1.80 1.80 1.80 1.80 1.80 1.80 1.80 1.80 1.80 1.80 1.80 1.80 1.80 1.80 1.80 1.80 1.80 1.80 1.80 1.80 1.42 1.59 1.76
0.60 0.60 0.60 0.60 0.60 0.60 0.60 0.60 0.60 0.60 0.60 0.60 0.60 0.60 0.60 0.60 0.60 0.60 0.60 0.60 0.60 0.60 0.60 -1.20 -1.20 -1.20 1.00 1.00 1.07 1.22 1.37 1.47 1.47 1.39 1.25 1.11 1.00 0.92 0.87 0.87 0.90 0.96 1.06 1.18 1.33 1.48 1.63 1.79 1.93 2.04 2.02 1.78 1.41 1.02 0.72 0.60 0.60 0.60 0.60 0.60 0.60 0.60 0.60 0.60 0.60 0.60 0.60 0.60 0.60 0.60 0.60 0.60 0.60 0.60 0.60 0.60 0.60 0.60 0.60 0.60 0.60 0.60 0.60 0.60 0.60 0.60 0.60 0.60 0.60 0.60 0.60 0.60 0.60 0.60 0.60 0.60 0.60 0.60 0.60 0.60 0.60 0.60 0.60 0.60 0.60 0.60 0.73 1.08 1.56 0.55 0.08 -0.59 -1.18 -1.40 -1.40 -1.40 -1.40 -1.40 -1.40 -1.40 -1.40 -1.40 -1.18 -0.59 0.08 0.55 0.90 1.01 1.14 1.80 1.80 1.80 1.80 1.80 1.80 1.80 1.80 1.80 1.80 1.80 1.80 1.80 1.80 1.80 1.80 1.80 1.80 1.80 1.80 1.80 1.80 1.80 1.80 1.80 1.80 1.80 1.80 1.80 1.69 1.85 2.00
0.60 0.60 0.60 0.60 0.60 0.60 0.60 0.60 0.60 0.60 0.60 0.60 0.60 0.60 0.60 0.60 0.60 0.60 0.60 0.60 0.60 0.60 0.60 -1.20 -1.20 -1.20 1.00 1.00 1.07 1.21 1.36 1.44 1.45 1.37 1.25 1.12 1.03 0.97 0.95 0.96 1.01 1.08 1.19 1.30 1.44 1.57 1.71 1.83 1.93 2.01 1.96 1.70 1.34 0.97 0.70 0.60 0.60 0.60 0.60 0.60 0.60 0.60 0.60 0.60 0.60 0.60 0.60 0.60 0.60 0.60 0.60 0.60 0.60 0.60 0.60 0.60 0.60 0.60 0.60 0.60 0.60 0.60 0.60 0.60 0.60 0.60 0.60 0.60 0.60 0.60 0.60 0.60 0.60 0.60 0.60 0.60 0.60 0.60 0.60 0.60 0.60 0.60 0.60 0.60 0.60 0.60 0.74 1.12 1.62 0.50 -0.04 -0.75 -1.29 -1.40 -1.40 -1.40 -1.40 -1.40 -1.40 -1.40 -1.40 -1.40 -1.29 -0.75 -0.04 0.50 0.96 1.07 1.20 1.80 1.80 1.80 1.80 1.80 1.80 1.80 1.80 1.80 1.80 1.80 1.80 1.80 1.80 1.80 1.80 1.80 1.80 1.80 1.80 1.80 1.80 1.80 1.80 1.80 1.80 1.80 1.80 1.80 1.97 2.11 2.22
0.60 0.60 0.60 0.60 0.60 0.60 0.60 0.60 0.60 0.60 0.60 0.60 0.60 0.60 0.60 0.60 0.60 0.60 0.60 0.60 0.60 0.60 0.60 -1.20 -1.20 -1.20 1.00 1.00 1.07 1.20 1.34 1.42 1.43 1.37 1.27 1.17 1.10 1.07 1.06 1.09 1.15 1.23 1.33 1.44 1.55 1.66 1.76 1.85 1.91 1.95 1.86 1.59 1.25 0.92 0.68 0.60 0.60 0.60 0.60 0.60 0.60 0.60 0.60 0.60 0.60 0.60 0.60 0.60 0.60 0.60 0.60 0.60 0.60 0.60 0.60 0.60 0.60 0.60 0.60 0.60 0.60 0.60 0.60 0.60 0.60 0.60 0.60 0.60 0.60 0.60 0.60 0.60 0.60 0.60 0.60 0.60 0.60 0.60 0.60 0.60 0.60 0.60 0.60 0.60 0.60 0.60 0.75 1.15 1.66 0.48 -0.09 -0.80 -1.32 -1.40 -1.40 -1.40 -1.40 -1.40 -1.40 -1.40 -1.40 -1.40 -1.32 -0.80 -0.09 0.48 1.04 1.15 1.28 1.80 1.80 1.80 1.80 1.80 1.80 1.80 1.80 1.80 1.80 1.80 1.80 1.80 1.80 1.80 1.80 1.80 1.80 1.80 1.80 1.80 1.80 1.80 1.80 1.80 1.80 1.80 1.80 1.80 2.24 2.34 2.42
0.60 0.60 0.60 0.60 0.60 0.60 0.60 0.60 0.60 0.60 0.60 0.60 0.60 0.60 0.60 0.60 0.60 0.60 0.60 0.60 0.60 0.60 0.60 -1.20 -1.20 -1.20 1.00 1.00 1.06 1.19 1.32 1.41 1.43 1.39 1.32 1.25 1.21 1.20 1.21 1.25 1.31 1.39 1.48 1.57 1.66 1.74 1.80 1.84 1.86 1.85 1.73 1.46 1.14 0.85 0.66 0.60 0.60 0.60 0.60 0.60 0.60 0.60 0.60 0.60 0.60 0.60 0.60 0.60 0.60 0.60 0.60 0.60 0.60 0.60 0.60 0.60 0.60 0.60 0.60 0.60 0.60 0.60 0.60 0.60 0.60 0.60 0.60 0.60 0.60 0.60 0.60 0.60 0.60 0.60 0.60 0.60 0.60 0.60 0.60 0.60 0.60 0.60 0.60 0.60 0.60 0.60 0.76 1.16 1.68 0.50 -0.04 -0.75 -1.29 -1.40 -1.40 -1.40 -1.40 -1.40 -1.40 -1.40 -1.40 -1.40 -1.29 -0.75 -0.04 0.50 1.14 1.25 1.36 3.60 3.60 3.60 3.60 3.60 3.60 3.60 3.60 3.60 3.60 3.60 3.60 3.60 3.60 3.60 3.60 3.60 3.60 3.60 3.60 3.60 3.60 3.60 3.60 3.60 3.60 3.60 3.60 3.60 2.49 2.56 2.58
0.60 0.60 0.60 0.60 0.60 0.60 0.60 0.60 0.60 0.60 0.60 0.60 0.60 0.60 0.60 0.60 0.60 0.60 0.60 0.60 0.60 0.60 0.60 -1.20 -1.20 -1.20 1.00 1.00 1.06 1.18 1.31 1.40 1.45 1.44 1.40 1.36 1.35 1.35 1.39 1.43 1.50 1.57 1.64 1.70 1.76 1.80 1.81 1.81 1.78 1.73 1.57 1.31 1.02 0.79 0.64 0.60 0.60 0.60 0.60 0.60 0.60 0.60 0.60 0.60 0.60 0.60 0.60 0.60 0.60 0.60 0.60 0.60 0.60 0.60 0.60 0.60 0.60 0.60 0.60 0.60 0.60 0.60 0.60 0.60 0.60 0.60 0.60 0.60 0.60 0.60 0.60 0.60 0.60 0.60 0.60 0.60 0.60 0.60 0.60 0.60 0.60 0.60 0.60 0.60 0.60 0.60 0.76 1.16 1.67 0.55 0.08 -0.59 -1.18 -1.40 -1.40 -1.40 -1.40 -1.40 -1.40 -1.40 -1.40 -1.40 -1.18 -0.59 0.08 0.55 1.26 1.35 1.44 3.60 3.60 3.60 3.60 3.60 3.60 3.60 3.60 3.60 3.60 3.60 3.60 3.60 3.60 3.60 3.60 3.60 3.60 3.60 3.60 3.60 3.60 3.60 3.60 3.60 3.60 3.60 3.60 3.60 2.71 2.73 2.71
0.60 0.60 0.60 0.60 0.60 0.60 0.60 0.60 0.60 0.60 0.60 0.60 0.60 0.60 0.60 0.60 0.60 0.60 0.60 0.60 0.60 0.60 0.60 -1.20 -1.20 -1.20 1.00 1.00 1.05 1.17 1.30 1.41 1.49 1.52 1.52 1.50 1.51 1.54 1.58 1.63 1.69 1.74 1.79 1.82 1.83 1.83 1.80 1.75 1.67 1.57 1.39 1.14 0.89 0.72 0.62 0.60 0.60 0.60 0.60 0.60 0.60 0.60 0.60 0.60 0.60 0.60 0.60 0.60 0.60 0.60 0.60 0.60 0.60 0.60 0.60 0.60 0.60 0.60 0.60 0.60 0.60 0.60 0.60 0.60 0.60 0.60 0.60 0.60 0.60 0.60 0.60 0.60 0.60 0.60 0.60 0.60 0.60 0.60 0.60 0.60 0.60 0.60 0.60 0.60 0.60 0.60 0.76 1.16 1.65 0.59 0.27 -0.34 -0.96 -1.34 -1.40 -1.40 -1.40 -1.40 -1.40 -1.40 -1.40 -1.34 -0.96 -0.34 0.27 0.59 1.38 1.45 1.51 3.60 3.60 3.60 3.60 3.60 3.60 3.60 3.60 3.60 3.60 3.60 3.60 3.60 3.60 3.60 3.60 3.60 3.60 3.60 3.60 3.60 3.60 3.60 3.60 3.60 3.60 3.60 3.60 3.60 2.89 2.87 2.80
0.60 0.60 0.60 0.60 0.60 0.60 0.60 0.60 0.60 0.60 0.60 0.60 0.60 0.60 0.60 0.60 0.60 0.60 0.60 0.60 0.60 0.60 0.60 -1.20 -1.20 -1.20 1.00 1.00 1.05 1.17 1.31 1.44 1.55 1.63 1.66 1.67 1.70 1.74 1.79 1.84 1.88 1.91 1.92 1.92 1.89 1.83 1.76 1.65 1.53 1.39 1.19 0.95 0.76 0.65 0.60 0.60 0.60 0.60 0.60 0.60 0.60 0.60 0.60 0.60 0.60 0.60 0.60 0.60 0.60 0.60 0.60 0.60 0.60 0.60 0.60 0.60 0.60 0.60 0.60 0.60 0.60 0.60 0.60 0.60 0.60 0.60 0.60 0.60 0.60 0.60 0.60 0.60 0.60 0.60 0.60 0.60 0.60 0.60 0.60 0.60 0.60 0.60 0.60 0.60 0.60 0.60 0.76 1.14 1.61 2.03 0.46 -0.02 -0.60 -1.10 -1.36 -1.40 -1.40 -1.40 -1.40 -1.40 -1.36 -1.10 -0.60 -0.02 0.46 1.45 1.50 1.53 1.56 3.60 3.60 3.60 3.60 3.60 3.60 3.60 3.60 3.60 3.60 3.60 3.60 3.60 3.60 3.60 3.60 3.60 3.60 3.60 3.60 3.60 3.60 3.60 3.60 3.60 3.60 3.60 3.60 3.60 3.03 2.96 2.84
0.60 0.60 0.60 0.60 0.60 0.60 0.60 0.60 0.60 0.60 0.60 0.60 0.60 0.60 0.60 0.60 0.60 0.60 0.60 0.60 0.60 0.60 0.60 -1.20 -1.20 -1.20 1.00 1.00 1.05 1.17 1.32 1.48 1.63 1.76 1.83 1.87 1.91 1.96 2.00 2.04 2.06 2.06 2.03 1.99 1.91 1.81 1.68 1.53 1.36 1.19 0.97 0.77 0.63 0.58 0.59 0.60 0.60 0.60 0.60 0.60 0.60 0.60 0.60 0.60 0.60 0.60 0.60 0.60 0.60 0.60 0.60 0.60 0.60 0.60 0.60 0.60 0.60 0.60 0.60 0.60 0.60 0.60 0.60 0.60 0.60 0.60 0.60 0.60 0.60 0.60 0.60 0.60 0.60 0.60 0.60 0.60 0.60 0.60 0.60 0.60 0.60 0.60 0.60 0.60 0.60 0.60 0.75 1.11 1.56 1.95 0.59 0.32 -0.16 -0.65 -1.04 -1.27 -1.36 -1.38 -1.36 -1.27 -1.04 -0.65 -0.16 0.32 0.59 1.59 1.60 1.60 1.58 3.60 3.60 3.60 3.60 3.60 3.60 3.60 3.60 3.60 3.60 3.60 3.60 3.60 3.60 3.60 3.60 3.60 3.60 3.60 3.60 3.60 3.60 3.60 3.60 3.60 3.60 3.60 3.60 3.60 3.13 3.00 2.83
0.60 0.60 0.60 0.60 0.60 0.60 0.60 0.60 0.60 0.60 0.60 0.60 0.60 0.60 0.60 0.60 0.60 0.60 0.60 0.60 0.60 0.60 0.60 -1.20 -1.20 -1.20 1.00 1.00 1.05 1.17 1.34 1.53 1.73 1.91 2.01 2.07 2.13 2.17 2.21 2.23 2.22 2.18 2.12 2.03 1.90 1.75 1.58 1.38 1.18 0.97 0.76 0.58 0.51 0.52 0.57 0.60 0.60 0.60 0.60 0.60 0.60 0.60 0.60 0.60 0.60 0.60 0.60 0.60 0.60 0.60 0.60 0.60 0.60 0.60 0.60 0.60 0.60 0.60 0.60 0.60 0.60 0.60 0.60 0.60 0.60 0.60 0.60 0.60 0.60 0.60 0.60 0.60 0.60 0.60 0.60 0.60 0.60 0.60 0.60 0.60 0.60 0.60 0.60 0.60 0.60 0.60 0.74 1.08 1.50 1.87 2.10 0.56 0.28 -0.11 -0.49 -0.77 -0.94 -0.99 -0.94 -0.77 -0.49 -0.20 0.10 0.39 0.58 1.71 1.69 1.65 1.59 3.60 3.60 3.60 3.60 3.60 3.60 3.60 3.60 3.60 3.60 3.60 3.60 3.60 3.60 3.60 3.60 3.60 3.60 3.60 3.60 3.60 3.60 3.60 3.60 3.60 3.60 3.60 3.60 3.60 3.17 3.00 2.78
0.60 0.60 0.60 0.60 0.60 0.60 0.60 0.60 0.60 0.60 0.60 0.60 0.60 0.60 0.60 0.60 0.60 0.60 0.60 0.60 0.60 0.60 0.60 -1.20 -1.20 -1.20 1.00 1.00 1.05 1.18 1.37 1.60 1.85 2.08 2.21 2.28 2.34 2.38 2.40 2.39 2.35 2.28 2.17 2.03 1.86 1.67 1.45 1.22 0.98 0.75 0.54 0.41 0.39 0.46 0.56 0.60 0.60 0.60 0.60 0.60 0.60 0.60 0.60 0.60 0.60 0.60 0.60 0.60 0.60 0.60 0.60 0.60 0.60 0.60 0.60 0.60 0.60 0.60 0.60 0.60 0.60 0.60 0.60 0.60 0.60 0.60 0.60 0.60 0.60 0.60 0.60 0.60 0.60 0.60 0.60 0.60 0.60 0.60 0.60 0.60 0.60 0.60 0.60 0.60 0.60 0.60 0.73 1.05 1.43 1.79 2.01 0.59 0.37 -0.01 -0.42 -0.77 -1.01 -1.14 -1.18 -1.14 -1.01 -0.77 -0.42 -0.01 0.37 0.59 1.75 1.67 1.56 5.40 5.40 5.40 5.40 5.40 5.40 5.40 5.40 5.40 5.40 5.40 5.40 5.40 5.40 5.40 5.40 5.40 5.40 5.40 5.40 5.40 5.40 5.40 5.40 5.40 5.40 5.40 5.40 5.40 3.16 2.95 2.69
0.60 0.60 0.60 0.60 0.60 0.60 0.60 0.60 0.60 0.60 0.60 0.60 0.60 0.60 0.60 0.60 0.60 0.60 0.60 0.60 0.60 0.60 0.60 -1.20 -1.20 -1.20 1.00 1.00 1.05 1.19 1.41 1.68 1.99 2.25 2.42 2.49 2.55 2.58 2.57 2.54 2.46 2.34 2.19 2.01 1.79 1.55 1.30 1.04 0.78 0.54 0.34 0.25 0.29 0.42 0.54 0.60 0.60 0.60 0.60 0.60 0.60 0.60 0.60 0.60 0.60 0.60 0.60 0.60 0.60 0.60 0.60 0.60 0.60 0.60 0.60 0.60 0.60 0.60 0.60 0.60 0.60 0.60 0.60 0.60 0.60 0.60 0.60 0.60 0.60 0.60 0.60 0.60 0.60 0.60 0.60 0.60 0.60 0.60 0.60 0.60 0.60 0.60 0.60 0.60 0.60 0.60 0.72 1.01 1.37 1.70 1.94 0.45 0.03 -0.47 -0.92 -1.22 -1.36 -1.40 -1.40 -1.40 -1.36 -1.22 -0.92 -0.47 0.03 0.45 1.79 1.66 1.51 5.40 5.40 5.40 5.40 5.40 5.40 5.40 5.40 5.40 5.40 5.40 5.40 5.40 5.40 5.40 5.40 5.40 5.40 5.40 5.40 5.40 5.40 5.40 5.40 5.40 5.40 5.40 5.40 5.40 3.11 2.86 2.57
0.60 0.60 0.60 0.60 0.60 0.60 0.60 0.60 0.60 0.60 0.60 0.60 0.60 0.60 0.60 0.60 0.60 0.60 0.60 0.60 0.60 0.60 0.60 -1.20 -1.20 -1.20 1.00 1.00 1.05 1.20 1.45 1.78 2.13 2.43 2.62 2.69 2.73 2.74 2.71 2.64 2.53 2.37 2.18 1.95 1.69 1.42 1.13 0.85 0.58 0.33 0.16 0.12 0.21 0.38 0.54 0.60 0.60 0.60 0.60 0.60 0.60 0.60 0.60 0.60 0.60 0.60 0.60 0.60 0.60 0.60 0.60 0.60 0.60 0.60 0.60 0.60 0.60 0.60 0.60 0.60 0.60 0.60 0.60 0.60 0.60 0.60 0.60 0.60 0.60 0.60 0.60 0.60 0.60 0.60 0.60 0.60 0.60 0.60 0.60 0.60 0.60 0.60 0.60 0.60 0.60 0.60 0.71 0.97 1.31 1.63 0.57 0.22 -0.33 -0.87 -1.26 -1.40 -1.40 -1.40 -1.40 -1.40 -1.40 -1.40 -1.26 -0.87 -0.33 0.22 0.57 1.62 1.43 5.40 5.40 5.40 5.40 5.40 5.40 5.40 5.40 5.40 5.40 5.40 5.40 5.40 5.40 5.40 5.40 5.40 5.40 5.40 5.40 5.40 5.40 5.40 5.40 5.40 5.40 5.40 5.40 5.40 3.01 2.74 2.42
0.60 0.60 0.60 0.60 0.60 0.60 0.60 0.60 0.60 0.60 0.60 0.60 0.60 0.60 0.60 0.60 0.60 0.60 0.60 0.60 0.60 0.60 0.60 -1.20 -1.20 -1.20 1.00 1.00 1.05 1.22 1.51 1.87 2.27 2.61 2.80 2.87 2.89 2.88 2.82 2.71 2.55 2.36 2.12 1.86 1.57 1.26 0.96 0.67 0.39 0.15 0.00 0.01 0.16 0.36 0.54 0.60 0.60 0.60 0.60 0.60 0.60 0.60 0.60 0.60 0.60 0.60 0.60 0.60 0.60 0.60 0.60 0.60 0.60 0.60 0.60 0.60 0.60 0.60 0.60 0.60 0.60 0.60 0.60 0.60 0.60 0.60 0.60 0.60 0.60 0.60 0.60 0.60 0.60 0.60 0.60 0.60 0.60 0.60 0.60 0.60 0.60 0.60 0.60 0.60 0.60 0.60 0.70 0.94 1.25 1.57 0.46 -0.03 -0.64 -1.16 -1.40 -1.40 -1.40 -1.40 -1.40 -1.40 -1.40 -1.40 -1.40 -1.16 -0.64 -0.03 0.46 1.56 1.33 5.40 5.40 5.40 5.40 5.40 5.40 5.40 5.40 5.40 5.40 5.40 5.40 5.40 5.40 5.40 5.40 5.40 5.40 5.40 5.40 5.40 5.40 5.40 5.40 5.40 5.40 5.40 5.40 5.40 2.88 2.58 2.25
0.60 0.60 0.60 0.60 0.60 0.60 0.60 0.60 0.60 0.60 0.60 0.60 0.60 0.60 0.60 0.60 0.60 0.60 0.60 0.60 0.60 0.60 0.60 -1.20 -1.20 -1.20 1.00 1.00 1.06 1.25 1.56 1.97 2.40 2.77 2.96 3.01 3.02 2.97 2.88 2.73 2.54 2.31 2.03 1.74 1.42 1.10 0.79 0.50 0.23 0.00 -0.11 -0.06 0.13 0.36 0.54 0.60 0.60 0.60 0.60 0.60 0.60 0.60 0.60 0.60 0.60 0.60 0.60 0.60 0.60 0.60 0.60 0.60 0.60 0.60 0.60 0.60 0.60 0.60 0.60 0.60 0.60 0.60 0.60 0.60 0.60 0.60 0.60 0.60 0.60 0.60 0.60 0.60 0.60 0.60 0.60 0.60 0.60 0.60 0.60 0.60 0.60 0.60 0.60 0.60 0.60 0.60 0.69 0.90 1.20 0.60 0.35 -0.23 -0.87 -1.31 -1.40 -1.40 -1.40 -1.40 -1.40 -1.40 -1.40 -1.40 -1.40 -1.31 -0.87 -0.23 0.35 0.60 1.21 5.40 5.40 5.40 5.40 5.40 5.40 5.40 5.40 5.40 5.40 5.40 5.40 5.40 5.40 5.40 5.40 5.40 5.40 5.40 5.40 5.40 5.40 5.40 5.40 5.40 5.40 5.40 5.40 5.40 2.71 2.40 2.07
0.60 0.60 0.60 0.60 0.60 0.60 0.60 0.60 0.60 0.60 0.60 0.60 0.60 0.60 0.60 0.60 0.60 0.60 0.60 0.60 0.60 0.60 0.60 -1.20 -1.20 -1.20 1.00 1.00 1.06 1.27 1.62 2.06 2.53 2.91 3.10 3.13 3.10 3.03 2.89 2.71 2.49 2.22 1.92 1.60 1.27 0.94 0.63 0.34 0.09 -0.11 -0.19 -0.09 0.12 0.36 0.54 0.60 0.60 0.60 0.60 0.60 0.60 0.60 0.60 0.60 0.60 0.60 0.60 0.60 0.60 0.60 0.60 0.60 0.60 0.60 0.60 0.60 0.60 0.60 0.60 0.60 0.60 0.60 0.60 0.60 0.60 0.60 0.60 0.60 0.60 0.60 0.60 0.60 0.60 0.60 0.60 0.60 0.60 0.60 0.60 0.60 0.60 0.60 0.60 0.60 0.60 0.60 0.68 0.88 1.17 0.59 0.26 -0.36 -0.99 -1.38 -1.40 -1.40 -1.40 -1.40 -1.40 -1.40 -1.40 -1.40 -1.40 -1.38 -0.99 -0.36 0.26 0.59 1.08 5.40 5.40 5.40 5.40 5.40 5.40 5.40 5.40 5.40 5.40 5.40 5.40 5.40 5.40 5.40 5.40 5.40 5.40 5.40 5.40 5.40 5.40 5.40 5.40 5.40 5.40 5.40 5.40 5.40 2.52 2.21 1.89
0.60 0.60 0.60 0.60 0.60 0.60 0.60 0.60 0.60 0.60 0.60 0.60 0.60 0.60 0.60 0.60 0.60 0.60 0.60 0.60 0.60 0.60 0.60 -1.20 -1.20 -1.20 1.00 1.00 1.07 1.30 1.67 2.15 2.63 3.02 3.19 3.19 3.14 3.03 2.87 2.65 2.39 2.10 1.78 1.45 1.11 0.79 0.49 0.22 -0.00 -0.17 -0.22 -0.09 0.15 0.39 0.55 0.60 0.60 0.60 0.60 0.60 0.60 0.60 0.60 0.60 0.60 0.60 0.60 0.60 0.60 0.60 0.60 0.60 0.60 0.60 0.60 0.60 0.60 0.60 0.60 0.60 0.60 0.60 0.60 0.60 0.60 0.60 0.60 0.60 0.60 0.60 0.60 0.60 0.60 0.60 0.60 0.60 0.60 0.60 0.60 0.60 0.60 0.60 0.60 0.60 0.60 0.60 0.67 0.86 1.15 0.59 0.23 -0.40 -1.03 -1.39 -1.40 -1.40 -1.40 -1.40 -1.40 -1.40 -1.40 -1.40 -1.40 -1.39 -1.03 -0.40 0.23 0.59 0.94 7.20 7.20 7.20 7.20 7.20 7.20 7.20 7.20 7.20 7.20 7.20 7.20 7.20 7.20 7.20 7.20 7.20 7.20 7.20 7.20 7.20 7.20 7.20 7.20 7.20 7.20 7.20 7.20 7.20 2.31 2.01 1.71
0.60 0.60 0.60 0.60 0.60 0.60 0.60 0.60 0.60 0.60 0.60 0.60 0.60 0.60 0.60 0.60 0.60 0.60 0.60 0.60 0.60 0.60 0.60 -1.20 -1.20 -1.20 1.00 1.00 1.08 1.32 1.72 2.21 2.71 3.09 3.24 3.22 3.13 2.99 2.79 2.55 2.27 1.95 1.63 1.29 0.96 0.65 0.37 0.13 -0.06 -0.19 -0.20 -0.04 0.20 0.69 1.42 2.16 2.75 3.00 5.00 5.00 5.00 5.00 5.00 5.00 5.00 5.00 5.00 5.00 5.00 5.00 5.00 5.00 5.00 5.00 5.00 5.00 5.00 5.00 5.00 5.00 5.00 5.00 5.00 5.00 5.00 5.00 5.00 5.00 5.00 5.00 5.00 5.00 5.00 5.00 5.00 5.00 5.00 5.00 5.00 5.00 5.00 5.00 5.00 5.00 5.00 5.00 5.00 3.00 2.81 0.59 0.26 -0.36 -0.99 -1.38 -1.40 -1.40 -1.40 -1.40 -1.40 -1.40 -1.40 -1.40 -1.40 -1.38 -0.99 -0.36 0.26 0.59 0.81 7.20 7.20 7.20 7.20 7.20 7.20 7.20 7.20 7.20 7.20 7.20 7.20 7.20 7.20 7.20 7.20 7.20 7.20 7.20 7.20 7.20 7.20 7.20 7.20 7.20 7.20 7.20 7.20 7.20 2.10 1.82 1.55
0.60 0.60 0.60 0.60 0.60 0.60 0.60 0.60 0.60 0.60 0.60 0.60 0.60 0.60 0.60 0.60 0.60 0.60 0.60 0.60 0.60 0.60 0.60 -1.20 -1.20 -1.20 1.00 1.00 1.08 1.34 1.76 2.27 2.76 3.13 3.25 3.19 3.07 2.90 2.67 2.41 2.11 1.79 1.46 1.14 0.82 0.54 0.29 0.08 -0.06 -0.16 -0.13 0.04 0.27 0.73 1.43 2.16 2.75 3.00 5.00 5.00 5.00 5.00 5.00 5.00 5.00 5.00 5.00 5.00 5.00 5.00 5.00 5.00 5.00 5.00 5.00 5.00 5.00 5.00 5.00 5.00 5.00 5.00 5.00 5.00 5.00 5.00 5.00 5.00 5.00 5.00 5.00 5.00 5.00 5.00 5.00 5.00 5.00 5.00 5.00 5.00 5.00 5.00 5.00 5.00 5.00 5.00 5.00 3.00 2.81 0.60 0.35 -0.23 -0.87 -1.31 -1.40 -1.40 -1.40 -1.40 -1.40 -1.40 -1.40 -1.40 -1.40 -1.31 -0.87 -0.23 0.35 0.60 0.68 7.20 7.20 7.20 7.20 7.20 7.20 7.20 7.20 7.20 7.20 7.20 7.20 7.20 7.20 7.20 7.20 7.20 7.20 7.20 7.20 7.20 7.20 7.20 7.20 7.20 7.20 7.20 7.20 7.20 1.89 1.64 1.41
0.60 0.60 0.60 0.60 0.60 0.60 0.60 0.60 0.60 0.60 0.60 0.60 0.60 0.60 0.60 0.60 0.60 0.60 0.60 0.60 0.60 0.60 0.60 -1.20 -1.20 -1.20 1.00 1.00 1.09 1.36 1.79 2.29 2.77 3.11 3.20 3.11 2.96 2.76 2.52 2.24 1.94 1.62 1.30 0.99 0.71 0.45 0.24 0.08 -0.02 -0.07 -0.06 0.02 0.14 0.59 1.40 2.22 2.80 3.00 5.00 5.00 5.00 5.00 5.00 5.00 5.00 5.00 5.00 5.00 5.00 5.00 5.00 5.00 5.00 5.00 5.00 5.00 5.00 5.00 5.00 5.00 5.00 5.00 5.00 5.00 5.00 5.00 5.00 5.00 5.00 5.00 5.00 5.00 5.00 5.00 5.00 5.00 5.00 5.00 5.00 5.00 5.00 5.00 5.00 5.00 5.00 5.00 5.00 3.00 2.87 2.62 0.46 -0.03 -0.64 -1.16 -1.40 -1.40 -1.40 -1.40 -1.40 -1.40 -1.40 -1.40 -1.40 -1.16 -0.64 -0.03 0.46 0.85 0.58 7.20 7.20 7.20 7.20 7.20 7.20 7.20 7.20 7.20 7.20 7.20 7.20 7.20 7.20 7.20 7.20 7.20 7.20 7.20 7.20 7.20 7.20 7.20 7.20 7.20 7.20 7.20 7.20 7.20 1.69 1.49 1.30
0.60 0.60 0.60 0.60 0.60 0.60 0.60 0.60 0.60 0.60 0.60 0.60 0.60 0.60 0.60 0.60 0.60 0.60 0.60 0.60 0.60 0.60 0.60 -1.20 -1.20 -1.20 1.00 1.00 1.09 1.37 1.80 2.29 2.75 3.05 3.10 2.98 2.81 2.59 2.33 2.05 1.75 1.44 1.15 0.87 0.62 0.41 0.24 0.13 0.07 0.07 0.12 0.23 0.38 0.82 1.57 2.31 2.82 3.00 5.00 5.00 5.00 5.00 5.00 5.00 5.00 5.00 5.00 5.00 5.00 5.00 5.00 5.00 5.00 5.00 5.00 5.00 5.00 5.00 5.00 5.00 5.00 5.00 5.00 5.00 5.00 5.00 5.00 5.00 5.00 5.00 5.00 5.00 5.00 5.00 5.00 5.00 5.00 5.00 5.00 5.00 5.00 5.00 5.00 5.00 5.00 5.00 5.00 3.00 2.87 2.64 0.57 0.22 -0.33 -0.87 -1.26 -1.40 -1.40 -1.40 -1.40 -1.40 -1.40 -1.40 -1.26 -0.87 -0.33 0.22 0.57 0.74 0.50 7.20 7.20 7.20 7.20 7.20 7.20 7.20 7.20 7.20 7.20 7.20 7.20 7.20 7.20 7.20 7.20 7.20 7.20 7.20 7.20 7.20 7.20 7.20 7.20 7.20 7.20 7.20 7.20 7.20 1.52 1.35 1.21
0.60 0.60 0.60 0.60 0.60 0.60 0.60 0.60 0.60 0.60 0.60 0.60 0.60 0.60 0.60 0.60 0.60 0.60 0.60 0.60 0.60 0.60 0.60 -1.20 -1.20 -1.20 1.00 1.00 1.10 1.38 1.80 2.27 2.69 2.94 2.96 2.81 2.61 2.38 2.12 1.84 1.56 1.28 1.01 0.77 0.57 0.40 0.29 0.23 0.21 0.26 0.35 0.48 0.65 1.07 1.75 2.40 2.85 3.00 5.00 5.00 5.00 5.00 5.00 5.00 5.00 5.00 5.00 5.00 5.00 5.00 5.00 5.00 5.00 5.00 5.00 5.00 5.00 5.00 5.00 5.00 5.00 5.00 5.00 5.00 5.00 5.00 5.00 5.00 5.00 5.00 5.00 5.00 5.00 5.00 5.00 5.00 5.00 5.00 5.00 5.00 5.00 5.00 5.00 5.00 5.00 5.00 5.00 3.00 2.88 2.67 2.54 0.45 0.03 -0.47 -0.92 -1.22 -1.36 -1.40 -1.40 -1.40 -1.36 -1.22 -0.92 -0.47 0.03 0.45 0.90 0.66 0.45 7.20 7.20 7.20 7.20 7.20 7.20 7.20 7.20 7.20 7.20 7.20 7.20 7.20 7.20 7.20 7.20 7.20 7.20 7.20 7.20 7.20 7.20 7.20 7.20 7.20 7.20 7.20 7.20 7.20 1.37 1.25 1.16
0.60 0.60 0.60 0.60 0.60 0.60 0.60 0.60 0.60 0.60 0.60 0.60 0.60 0.60 0.60 0.60 0.60 0.60 0.60 0.60 0.60 0.60 0.60 -1.20 -1.20 -1.20 1.00 1.00 1.10 1.38 1.78 2.21 2.58 2.79 2.77 2.60 2.39 2.15 1.90 1.63 1.37 1.12 0.90 0.71 0.55 0.44 0.38 0.37 0.40 0.48 0.60 0.76 0.94 1.33 1.93 2.49 2.87 3.00 5.00 5.00 5.00 5.00 5.00 5.00 5.00 5.00 5.00 5.00 5.00 5.00 5.00 5.00 5.00 5.00 5.00 5.00 5.00 5.00 5.00 5.00 5.00 5.00 5.00 5.00 5.00 5.00 5.00 5.00 5.00 5.00 5.00 5.00 5.00 5.00 5.00 5.00 5.00 5.00 5.00 5.00 5.00 5.00 5.00 5.00 5.00 5.00 5.00 3.00 2.89 2.70 2.58 0.59 0.37 -0.01 -0.42 -0.77 -1.01 -1.14 -1.18 -1.14 -1.01 -0.77 -0.42 -0.01 0.37 0.59 0.81 0.60 0.44 9.00 9.00 9.00 9.00 9.00 9.00 9.00 9.00 9.00 9.00 9.00 9.00 9.00 9.00 9.00 9.00 9.00 9.00 9.00 9.00 9.00 9.00 9.00 9.00 9.00 9.00 9.00 9.00 9.00 1.24 1.18 1.15
0.60 0.60 0.60 0.60 0.60 0.60 0.60 0.60 0.60 0.60 0.60 0.60 0.60 0.60 0.60 0.60 0.60 0.60 0.60 0.60 0.60 0.60 0.60 -1.20 -1.20 -1.20 1.00 1.00 1.10 1.36 1.74 2.13 2.44 2.60 2.54 2.35 2.14 1.91 1.67 1.43 1.20 0.99 0.82 0.68 0.58 0.53 0.52 0.55 0.63 0.75 0.89 1.06 1.24 1.59 2.10 2.57 2.89 3.00 5.00 5.00 5.00 5.00 5.00 5.00 5.00 5.00 5.00 5.00 5.00 5.00 5.00 5.00 5.00 5.00 5.00 5.00 5.00 5.00 5.00 5.00 5.00 5.00 5.00 5.00 5.00 5.00 5.00 5.00 5.00 5.00 5.00 5.00 5.00 5.00 5.00 5.00 5.00 5.00 5.00 5.00 5.00 5.00 5.00 5.00 5.00 5.00 5.00 3.00 2.89 2.72 2.61 2.62 0.58 0.39 0.10 -0.20 -0.44 -0.59 -0.64 -0.59 -0.44 -0.20 0.10 0.39 0.58 0.94 0.74 0.59 0.47 9.00 9.00 9.00 9.00 9.00 9.00 9.00 9.00 9.00 9.00 9.00 9.00 9.00 9.00 9.00 9.00 9.00 9.00 9.00 9.00 9.00 9.00 9.00 9.00 9.00 9.00 9.00 9.00 9.00 1.16 1.15 1.16
0.60 0.60 0.60 0.60 0.60 0.60 0.60 0.60 0.60 0.60 0.60 0.60 0.60 0.60 0.60 0.60 0.60 0.60 0.60 0.60 0.60 0.60 0.60 -1.20 -1.20 -1.20 1.00 1.00 1.09 1.34 1.68 2.02 2.27 2.37 2.28 2.08 1.87 1.66 1.44 1.23 1.05 0.89 0.77 0.69 0.65 0.65 0.70 0.78 0.89 1.03 1.20 1.37 1.54 1.85 2.27 2.65 2.91 3.00 5.00 5.00 5.00 5.00 5.00 5.00 5.00 5.00 5.00 5.00 5.00 5.00 5.00 5.00 5.00 5.00 5.00 5.00 5.00 5.00 5.00 5.00 5.00 5.00 5.00 5.00 5.00 5.00 5.00 5.00 5.00 5.00 5.00 5.00 5.00 5.00 5.00 5.00 5.00 5.00 5.00 5.00 5.00 5.00 5.00 5.00 5.00 5.00 5.00 3.00 2.90 2.74 2.63 2.61 2.67 0.60 0.49 0.32 0.16 0.04 -0.00 0.04 0.16 0.32 0.49 0.60 1.04 0.86 0.71 0.61 0.54 9.00 9.00 9.00 9.00 9.00 9.00 9.00 9.00 9.00 9.00 9.00 9.00 9.00 9.00 9.00 9.00 9.00 9.00 9.00 9.00 9.00 9.00 9.00 9.00 9.00 9.00 9.00 9.00 9.00 1.10 1.14 1.21
0.60 0.60 0.60 0.60 0.60 0.60 0.60 0.60 0.60 0.60 0.60 0.60 0.60 0.60 0.60 0.60 0.60 0.60 0.60 0.60 0.60 0.60 0.60 -1.20 -1.20 -1.20 1.00 1.00 1.09 1.31 1.61 1.88 2.06 2.11 2.00 1.80 1.60 1.41 1.23 1.06 0.93 0.83 0.77 0.74 0.76 0.82 0.91 1.03 1.18 1.34 1.51 1.68 1.84 2.09 2.42 2.72 2.92 3.00 5.00 5.00 5.00 5.00 5.00 5.00 5.00 5.00 5.00 5.00 5.00 5.00 5.00 5.00 5.00 5.00 5.00 5.00 5.00 5.00 5.00 5.00 5.00 5.00 5.00 5.00 5.00 5.00 5.00 5.00 5.00 5.00 5.00 5.00 5.00 5.00 5.00 5.00 5.00 5.00 5.00 5.00 5.00 5.00 5.00 5.00 5.00 5.00 5.00 3.00 2.91 2.75 2.63 2.57 2.59 2.60 2.58 0.59 0.55 0.50 0.18 -0.34 0.32 0.59 1.28 1.10 0.94 0.81 0.72 0.67 0.66 9.00 9.00 9.00 9.00 9.00 9.00 9.00 9.00 9.00 9.00 9.00 9.00 9.00 9.00 9.00 9.00 9.00 9.00 9.00 9.00 9.00 9.00 9.00 9.00 9.00 9.00 9.00 9.00 9.00 1.08 1.17 1.28
0.60 0.60 0.60 0.60 0.60 0.60 0.60 0.60 0.60 0.60 0.60 0.60 0.60 0.60 0.60 0.60 0.60 0.60 0.60 0.60 0.60 0.60 0.60 -1.20 -1.20 -1.20 1.00 1.00 1.08 1.28 1.52 1.72 1.84 1.83 1.70 1.52 1.34 1.18 1.03 0.92 0.84 0.80 0.80 0.83 0.91 1.02 1.15 1.31 1.48 1.65 1.82 1.98 2.11 2.30 2.55 2.77 2.93 3.00 5.00 5.00 5.00 5.00 5.00 5.00 5.00 5.00 5.00 5.00 5.00 5.00 5.00 5.00 5.00 5.00 5.00 5.00 5.00 5.00 5.00 5.00 5.00 5.00 5.00 5.00 5.00 5.00 5.00 5.00 5.00 5.00 5.00 5.00 5.00 5.00 5.00 5.00 5.00 5.00 5.00 5.00 5.00 5.00 5.00 5.00 5.00 5.00 5.00 3.00 2.91 2.75 2.60 2.50 2.47 2.44 2.38 2.29 2.16 1.12 0.08 -0.75 -0.07 0.62 1.12 0.98 0.87 0.80 0.77 0.77 0.82 9.00 9.00 9.00 9.00 9.00 9.00 9.00 9.00 9.00 9.00 9.00 9.00 9.00 9.00 9.00 9.00 9.00 9.00 9.00 9.00 9.00 9.00 9.00 9.00 9.00 9.00 9.00 9.00 9.00 1.09 1.22 1.38
0.60 0.60 0.60 0.60 0.60 0.60 0.60 0.60 0.60 0.60 0.60 0.60 0.60 0.60 0.60 0.60 0.60 0.60 0.60 0.60 0.60 0.60 0.60 -1.20 -1.20 -1.20 1.00 1.00 1.07 1.23 1.41 1.55 1.60 1.54 1.40 1.23 1.09 0.96 0.87 0.81 0.79 0.81 0.87 0.96 1.09 1.24 1.41 1.60 1.78 1.96 2.12 2.25 2.36 2.49 2.65 2.81 2.94 3.00 5.00 5.00 5.00 5.00 5.00 5.00 5.00 5.00 5.00 5.00 5.00 5.00 5.00 5.00 5.00 5.00 5.00 5.00 5.00 5.00 5.00 5.00 5.00 5.00 5.00 5.00 5.00 5.00 5.00 5.00 5.00 5.00 5.00 5.00 5.00 5.00 5.00 5.00 5.00 5.00 5.00 5.00 5.00 5.00 5.00 5.00 5.00 5.00 5.00 3.00 2.91 2.74 2.55 2.40 2.30 2.25 2.15 2.03 1.89 1.01 -0.02 -1.05 -0.45 0.27 0.98 0.89 0.84 0.83 0.85 0.92 1.01 9.00 9.00 9.00 9.00 9.00 9.00 9.00 9.00 9.00 9.00 9.00 9.00 9.00 9.00 9.00 9.00 9.00 9.00 9.00 9.00 9.00 9.00 9.00 9.00 9.00 9.00 9.00 9.00 9.00 1.13 1.30 1.48
0.60 0.60 0.60 0.60 0.60 0.60 0.60 0.60 0.60 0.60 0.60 0.60 0.60 0.60 0.60 0.60 0.60 0.60 0.60 0.60 0.60 0.60 0.60 -1.20 -1.20 -1.20 1.00 1.00 1.06 1.18 1.30 1.36 1.35 1.25 1.11 0.97 0.86 0.78 0.74 0.74 0.78 0.86 0.98 1.13 1.30 1.49 1.69 1.89 2.08 2.25 2.39 2.50 2.57 2.64 2.73 2.83 2.94 3.00 5.00 5.00 5.00 5.00 5.00 5.00 5.00 5.00 5.00 5.00 5.00 5.00 5.00 5.00 5.00 5.00 5.00 5.00 5.00 5.00 5.00 5.00 5.00 5.00 5.00 5.00 5.00 5.00 5.00 5.00 5.00 5.00 5.00 5.00 5.00 5.00 5.00 5.00 5.00 5.00 5.00 5.00 5.00 5.00 5.00 5.00 5.00 5.00 5.00 3.00 2.91 2.72 2.48 2.25 2.11 2.01 1.89 1.76 1.60 0.89 -0.12 -1.13 -0.82 -0.05 0.87 0.84 0.85 0.90 0.98 1.09 1.24 10.80 10.80 10.80 10.80 10.80 10.80 10.80 10.80 10.80 10.80 10.80 10.80 10.80 10.80 10.80 10.80 10.80 10.80 10.80 10.80 10.80 10.80 10.80 10.80 10.80 10.80 10.80 10.80 10.80 1.19 1.38 1.59
0.60 0.60 0.60 0.60 0.60 0.60 0.60 0.60 0.60 0.60 0.60 0.60 0.60 0.60 0.60 0.60 0.60 0.60 0.60 0.60 0.60 0.60 0.60 -1.20 -1.20 -1.20 1.00 1.00 1.04 1.13 1.18 1.18 1.10 0.97 0.83 0.73 0.66 0.64 0.65 0.71 0.81 0.95 1.12 1.31 1.52 1.74 1.96 2.17 2.36 2.51 2.63 2.71 2.75 2.76 2.79 2.85 2.94 3.00 5.00 5.00 5.00 5.00 5.00 5.00 5.00 5.00 5.00 5.00 5.00 5.00 5.00 5.00 5.00 5.00 5.00 5.00 5.00 5.00 5.00 5.00 5.00 5.00 5.00 5.00 5.00 5.00 5.00 5.00 5.00 5.00 5.00 5.00 5.00 5.00 5.00 5.00 5.00 5.00 5.00 5.00 5.00 5.00 5.00 5.00 5.00 5.00 5.00 3.00 2.91 2.68 2.38 2.08 1.87 1.75 1.61 1.46 1.31 0.78 -0.22 -1.19 -1.16 -0.34 0.80 0.83 0.89 1.00 1.14 1.30 1.49 10.80 10.80 10.80 10.80 10.80 10.80 10.80 10.80 10.80 10.80 10.80 10.80 10.80 10.80 10.80 10.80 10.80 10.80 10.80 10.80 10.80 10.80 10.80 10.80 10.80 10.80 10.80 10.80 10.80 1.26 1.47 1.69
0.60 0.60 0.60 0.60 0.60 0.60 0.60 0.60 0.60 0.60 0.60 0.60 0.60 0.60 0.60 0.60 0.60 0.60 0.60 0.60 0.60 0.60 0.60 -1.20 -1.20 -1.20 1.00 1.00 1.03 1.07 1.06 0.99 0.86 0.70 0.58 0.52 0.50 0.53 0.60 0.72 0.88 1.07 1.28 1.52 1.76 2.00 2.23 2.44 2.61 2.75 2.84 2.88 2.87 2.84 2.81 2.85 2.93 3.00 5.00 5.00 5.00 5.00 5.00 5.00 5.00 5.00 5.00 5.00 5.00 5.00 5.00 5.00 5.00 5.00 5.00 5.00 5.00 5.00 5.00 5.00 5.00 5.00 5.00 5.00 5.00 5.00 5.00 5.00 5.00 5.00 5.00 5.00 5.00 5.00 5.00 5.00 5.00 5.00 5.00 5.00 5.00 5.00 5.00 5.00 5.00 5.00 5.00 3.00 2.90 2.63 2.27 1.88 1.62 1.47 1.32 1.17 1.02 0.90 -0.29 -1.22 -1.47 -0.60 0.32 0.85 0.98 1.14 1.33 1.53 1.75 10.80 10.80 10.80 10.80 10.80 10.80 10.80 10.80 10.80 10.80 10.80 10.80 10.80 10.80 10.80 10.80 10.80 10.80 10.80 10.80 10.80 10.80 10.80 10.80 10.80 10.80 10.80 10.80 10.80 1.34 1.57 1.79
0.60 0.60 0.60 0.60 0.60 0.60 0.60 0.60 0.60 0.60 0.60 0.60 0.60 0.60 0.60 0.60 0.60 0.60 0.60 0.60 0.60 0.60 0.60 -1.20 -1.20 -1.20 1.00 1.00 1.01 1.01 0.94 0.81 0.63 0.47 0.37 0.36 0.39 0.47 0.60 0.77 0.98 1.21 1.47 1.73 2.00 2.25 2.48 2.67 2.83 2.94 3.00 3.00 2.96 2.87 2.81 2.83 2.93 3.00 5.00 5.00 5.00 5.00 5.00 5.00 5.00 5.00 5.00 5.00 5.00 5.00 5.00 5.00 5.00 5.00 5.00 5.00 5.00 5.00 5.00 5.00 5.00 5.00 5.00 5.00 5.00 5.00 5.00 5.00 5.00 5.00 5.00 5.00 5.00 5.00 5.00 5.00 5.00 5.00 5.00 5.00 5.00 5.00 5.00 5.00 5.00 5.00 5.00 3.00 2.89 2.57 2.13 1.66 1.34 1.18 1.02 0.87 0.75 0.65 -0.34 -1.22 -1.74 -0.81 0.16 0.91 1.10 1.31 1.54 1.78 2.02 10.80 10.80 10.80 10.80 10.80 10.80 10.80 10.80 10.80 10.80 10.80 10.80 10.80 10.80 10.80 10.80 10.80 10.80 10.80 10.80 10.80 10.80 10.80 10.80 10.80 10.80 10.80 10.80 10.80 1.42 1.65 1.86
0.60 0.60 0.60 0.60 0.60 0.60 0.60 0.60 0.60 0.60 0.60 0.60 0.60 0.60 0.60 0.60 0.60 0.60 0.60 0.60 0.60 0.60 0.60 -1.20 -1.20 -1.20 1.00 1.00 1.00 0.95 0.83 0.64 0.43 0.27 0.20 0.23 0.32 0.45 0.63 0.85 1.10 1.38 1.66 1.95 2.22 2.48 2.70 2.88 3.01 3.09 3.11 3.08 2.99 2.87 2.79 2.81 2.92 3.00 5.00 5.00 5.00 5.00 5.00 5.00 5.00 5.00 5.00 5.00 5.00 5.00 5.00 5.00 5.00 5.00 5.00 5.00 5.00 5.00 5.00 5.00 5.00 5.00 5.00 5.00 5.00 5.00 5.00 5.00 5.00 5.00 5.00 5.00 5.00 5.00 5.00 5.00 5.00 5.00 5.00 5.00 5.00 5.00 5.00 5.00 5.00 5.00 5.00 3.00 2.87 2.50 1.98 1.42 1.06 0.89 0.73 0.60 0.50 0.44 -0.35 -1.19 -1.97 -0.98 0.06 1.01 1.24 1.50 1.76 2.03 2.28 10.80 10.80 10.80 10.80 10.80 10.80 10.80 10.80 10.80 10.80 10.80 10.80 10.80 10.80 10.80 10.80 10.80 10.80 10.80 10.80 10.80 10.80 10.80 10.80 10.80 10.80 10.80 10.80 10.80 1.49 1.71 1.92
0.60 0.60 0.60 0.60 0.60 0.60 0.60 0.60 0.60 0.60 0.60 0.60 0.60 0.60 0.60 0.60 0.60 0.60 0.60 0.60 0.60 0.60 0.60 -1.20 -1.20 -1.20 1.00 1.00 0.98 0.90 0.73 0.50 0.27 0.11 0.08 0.16 0.29 0.47 0.70 0.96 1.25 1.55 1.86 2.16 2.43 2.68 2.88 3.04 3.14 3.19 3.18 3.11 2.99 2.84 2.75 2.78 2.91 3.00 5.00 5.00 5.00 5.00 5.00 5.00 5.00 5.00 5.00 5.00 5.00 5.00 5.00 5.00 5.00 5.00 5.00 5.00 5.00 5.00 5.00 5.00 5.00 5.00 5.00 5.00 5.00 5.00 5.00 5.00 5.00 5.00 5.00 5.00 5.00 5.00 5.00 5.00 5.00 5.00 5.00 5.00 5.00 5.00 5.00 5.00 5.00 5.00 5.00 3.00 2.85 2.43 1.81 1.18 0.78 0.60 0.46 0.35 0.28 0.26 -0.36 -1.15 -1.90 -1.05 0.04 1.14 1.41 1.70 1.99 2.27 2.53 10.80 10.80 10.80 10.80 10.80 10.80 10.80 10.80 10.80 10.80 10.80 10.80 10.80 10.80 10.80 10.80 10.80 10.80 10.80 10.80 10.80 10.80 10.80 10.80 10.80 10.80 10.80 10.80 10.80 1.55 1.76 1.94
0.60 0.60 0.60 0.60 0.60 0.60 0.60 0.60 0.60 0.60 0.60 0.60 0.60 0.60 0.60 0.60 0.60 0.60 0.60 0.60 0.60 0.60 0.60 -1.20 -1.20 -1.20 1.00 1.00 0.97 0.85 0.64 0.38 0.14 -0.01 0.00 0.13 0.31 0.54 0.80 1.10 1.41 1.73 2.05 2.34 2.61 2.84 3.02 3.15 3.22 3.24 3.19 3.09 2.94 2.78 2.69 2.75 2.90 3.00 5.00 5.00 5.00 5.00 5.00 5.00 5.00 5.00 5.00 5.00 5.00 5.00 5.00 5.00 5.00 5.00 5.00 5.00 5.00 5.00 5.00 5.00 5.00 5.00 5.00 5.00 5.00 5.00 5.00 5.00 5.00 5.00 5.00 5.00 5.00 5.00 5.00 5.00 5.00 5.00 5.00 5.00 5.00 5.00 5.00 5.00 5.00 5.00 5.00 3.00 2.83 2.35 1.65 0.94 0.50 0.34 0.21 0.13 0.10 0.13 -0.34 -1.09 -1.78 -1.09 0.05 1.29 1.60 1.91 2.22 2.50 2.76 12.60 12.60 12.60 12.60 12.60 12.60 12.60 12.60 12.60 12.60 12.60 12.60 12.60 12.60 12.60 12.60 12.60 12.60 12.60 12.60 12.60 12.60 12.60 12.60 12.60 12.60 12.60 12.60 12.60 1.59 1.78 1.93
0.60 0.60 0.60 0.60 0.60 0.60 0.60 0.60 0.60 0.60 0.60 0.60 0.60 0.60 0.60 0.60 0.60 0.60 0.60 0.60 0.60 0.60 0.60 -1.20 -1.20 -1.20 1.00 1.00 0.96 0.81 0.56 0.29 0.05 -0.07 -0.02 0.15 0.37 0.63 0.93 1.25 1.58 1.91 2.22 2.51 2.76 2.96 3.12 3.22 3.26 3.24 3.16 3.04 2.87 2.69 2.63 2.71 2.89 3.00 5.00 5.00 5.00 5.00 5.00 5.00 5.00 5.00 5.00 5.00 5.00 5.00 5.00 5.00 5.00 5.00 5.00 5.00 5.00 5.00 5.00 5.00 5.00 5.00 5.00 5.00 5.00 5.00 5.00 5.00 5.00 5.00 5.00 5.00 5.00 5.00 5.00 5.00 5.00 5.00 5.00 5.00 5.00 5.00 5.00 5.00 5.00 5.00 5.00 3.00 2.81 2.26 1.48 0.71 0.25 0.11 0.01 -0.04 -0.03 0.04 -0.28 -0.97 -1.62 -1.09 0.08 1.46 1.79 2.12 2.43 2.71 2.95 12.60 12.60 12.60 12.60 12.60 12.60 12.60 12.60 12.60 12.60 12.60 12.60 12.60 12.60 12.60 12.60 12.60 12.60 12.60 12.60 12.60 12.60 12.60 12.60 12.60 12.60 12.60 12.60 12.60 1.61 1.76 1.89
0.60 0.60 0.60 0.60 0.60 0.60 0.60 0.60 0.60 0.60 0.60 0.60 0.60 0.60 0.60 0.60 0.60 0.60 0.60 0.60 0.60 0.60 0.60 -1.20 -1.20 -1.20 1.00 1.00 0.95 0.77 0.51 0.23 -0.00 -0.09 0.00 0.21 0.46 0.76 1.08 1.41 1.74 2.07 2.37 2.64 2.86 3.04 3.16 3.23 3.24 3.19 3.09 2.94 2.76 2.59 2.55 2.67 2.88 3.00 5.00 5.00 5.00 5.00 5.00 5.00 5.00 5.00 5.00 5.00 5.00 5.00 5.00 5.00 5.00 5.00 5.00 5.00 5.00 5.00 5.00 5.00 5.00 5.00 5.00 5.00 5.00 5.00 5.00 5.00 5.00 5.00 5.00 5.00 5.00 5.00 5.00 5.00 5.00 5.00 5.00 5.00 5.00 5.00 5.00 5.00 5.00 5.00 5.00 3.00 2.79 2.18 1.33 0.50 0.03 -0.09 -0.16 -0.17 -0.11 0.00 -0.17 -0.81 -1.42 -1.06 0.14 1.64 1.99 2.31 2.62 2.89 3.11 12.60 12.60 12.60 12.60 12.60 12.60 12.60 12.60 12.60 12.60 12.60 12.60 12.60 12.60 12.60 12.60 12.60 12.60 12.60 12.60 12.60 12.60 12.60 12.60 12.60 12.60 12.60 12.60 12.60 1.60 1.72 1.82
0.61 0.61 0.61 0.61 0.61 0.61 0.61 0.61 0.61 0.61 0.61 0.61 0.61 0.61 0.61 0.61 0.61 0.61 0.61 0.61 0.61 0.60 0.60 -1.20 -1.20 -1.20 1.00 1.00 0.94 0.75 0.48 0.20 -0.01 -0.06 0.07 0.31 0.59 0.90 1.23 1.57 1.89 2.21 2.49 2.73 2.93 3.07 3.16 3.20 3.17 3.10 2.98 2.83 2.64 2.48 2.48 2.64 2.87 3.00 5.00 5.00 5.00 5.00 5.00 5.00 5.00 5.00 5.00 8.60 8.60 8.60 8.60 8.60 8.60 8.60 8.60 8.60 8.60 8.60 8.60 8.60 8.60 8.60 8.60 8.60 8.60 8.60 8.60 8.60 8.60 8.60 8.60 8.60 8.60 8.60 5.00 5.00 5.00 5.00 5.00 5.00 5.00 5.00 5.00 5.00 5.00 5.00 5.00 3.00 2.76 2.10 1.19 0.31 -0.15 -0.24 -0.27 -0.24 -0.14 0.02 0.23 -0.62 -1.19 -1.01 0.21 1.43 2.17 2.49 2.78 3.02 3.21 12.60 12.60 12.60 12.60 12.60 12.60 12.60 12.60 12.60 12.60 12.60 12.60 12.60 12.60 12.60 12.60 12.60 12.60 12.60 12.60 12.60 12.60 12.60 12.60 12.60 12.60 12.60 12.60 12.60 1.56 1.65 1.72
0.63 0.63 0.63 0.63 0.63 0.63 0.63 0.63 0.63 0.63 0.63 0.63 0.63 0.62 0.62 0.62 0.62 0.62 0.62 0.62 0.62 0.62 0.62 -1.20 -1.20 -1.20 1.00 1.00 0.93 0.74 0.47 0.20 0.03 0.02 0.18 0.44 0.74 1.06 1.39 1.71 2.03 2.31 2.57 2.78 2.94 3.05 3.11 3.11 3.07 2.98 2.85 2.69 2.50 2.37 2.41 2.61 2.86 3.00 5.00 5.00 5.00 5.00 5.00 5.00 5.00 5.00 5.00 8.60 8.60 8.60 8.60 8.60 8.60 8.60 8.60 8.60 8.60 8.60 8.60 8.60 8.60 8.60 8.60 8.60 8.60 8.60 8.60 8.60 8.60 8.60 8.60 8.60 8.60 8.60 5.00 5.00 5.00 5.00 5.00 5.00 5.00 5.00 5.00 5.00 5.00 5.00 5.00 3.00 2.74 2.03 1.07 0.17 -0.28 -0.34 -0.33 -0.26 -0.12 0.08 0.33 -0.39 -0.94 -0.95 0.28 1.50 2.33 2.64 2.90 3.11 3.27 12.60 12.60 12.60 12.60 12.60 12.60 12.60 12.60 12.60 12.60 12.60 12.60 12.60 12.60 12.60 12.60 12.60 12.60 12.60 12.60 12.60 12.60 12.60 12.60 12.60 12.60 12.60 12.60 12.60 1.50 1.55 1.59
0.67 0.67 0.67 0.67 0.67 0.67 0.67 0.67 0.66 0.66 0.66 0.66 0.66 0.65 0.65 0.65 0.65 0.65 0.65 0.65 0.64 0.64 0.64 -1.20 -1.20 -1.20 1.00 1.00 0.93 0.73 0.48 0.24 0.11 0.13 0.32 0.60 0.90 1.22 1.54 1.84 2.13 2.39 2.61 2.78 2.91 2.99 3.01 2.99 2.93 2.83 2.69 2.53 2.36 2.27 2.35 2.59 2.86 3.00 5.00 5.00 5.00 5.00 5.00 5.00 5.00 5.00 5.00 8.60 8.60 8.60 8.60 8.60 8.60 8.60 8.60 8.60 8.60 8.60 8.60 8.60 8.60 8.60 8.60 8.60 8.60 8.60 8.60 8.60 8.60 8.60 8.60 8.60 8.60 8.60 5.00 5.00 5.00 5.00 5.00 5.00 5.00 5.00 5.00 5.00 5.00 5.00 5.00 3.00 2.72 1.97 0.97 0.06 -0.37 -0.39 -0.34 -0.23 -0.05 0.18 0.46 -0.13 -0.67 -0.88 0.34 1.56 2.47 2.75 2.98 3.16 3.28 12.60 12.60 12.60 12.60 12.60 12.60 12.60 12.60 12.60 12.60 12.60 12.60 12.60 12.60 12.60 12.60 12.60 12.60 12.60 12.60 12.60 12.60 12.60 12.60 12.60 12.60 12.60 12.60 12.60 1.41 1.43 1.45
0.73 0.73 0.73 0.73 0.72 0.72 0.72 0.72 0.71 0.71 0.71 0.70 0.70 0.70 0.69 0.69 0.69 0.68 0.68 0.68 0.68 0.68 0.68 -1.20 -1.20 -1.20 1.00 1.00 0.93 0.74 0.51 0.31 0.22 0.28 0.49 0.77 1.07 1.37 1.67 1.95 2.20 2.43 2.61 2.74 2.83 2.88 2.88 2.84 2.76 2.65 2.52 2.38 2.23 2.17 2.30 2.57 2.86 3.00 5.00 5.00 5.00 5.00 5.00 5.00 5.00 5.00 5.00 8.60 8.60 8.60 8.60 8.60 8.60 8.60 8.60 8.60 8.60 8.60 8.60 8.60 8.60 8.60 8.60 8.60 8.60 8.60 8.60 8.60 8.60 8.60 8.60 8.60 8.60 8.60 5.00 5.00 5.00 5.00 5.00 5.00 5.00 5.00 5.00 5.00 5.00 5.00 5.00 3.00 2.71 1.92 0.90 -0.00 -0.40 -0.38 -0.29 -0.14 0.07 0.32 0.62 0.14 -0.39 -0.81 0.40 1.59 2.57 2.82 3.01 3.15 3.24 14.40 14.40 14.40 14.40 14.40 14.40 14.40 14.40 14.40 14.40 14.40 14.40 14.40 14.40 14.40 14.40 14.40 14.40 14.40 14.40 14.40 14.40 14.40 14.40 14.40 14.40 14.40 14.40 14.40 1.29 1.29 1.29
0.80 0.80 0.80 0.80 0.79 0.79 0.79 0.78 0.78 0.77 0.77 0.76 0.75 0.75 0.74 0.74 0.73 0.73 0.73 0.72 0.72 0.72 0.72 -1.20 -1.20 -1.20 1.00 1.00 0.93 0.76 0.56 0.40 0.36 0.46 0.68 0.95 1.24 1.52 1.78 2.03 2.24 2.42 2.56 2.66 2.72 2.73 2.71 2.66 2.57 2.47 2.35 2.23 2.10 2.09 2.27 2.57 2.86 3.00 5.00 5.00 5.00 5.00 5.00 5.00 5.00 5.00 5.00 8.60 8.60 8.60 8.60 8.60 8.60 8.60 8.60 8.60 8.60 8.60 8.60 8.60 8.60 8.60 8.60 8.60 8.60 8.60 8.60 8.60 8.60 8.60 8.60 8.60 8.60 8.60 5.00 5.00 5.00 5.00 5.00 5.00 5.00 5.00 5.00 5.00 5.00 5.00 5.00 3.00 2.69 1.89 0.87 -0.01 -0.37 -0.31 -0.19 -0.01 0.22 0.50 0.80 0.43 -0.11 -0.66 0.43 1.58 2.64 2.84 3.00 3.10 3.14 14.40 14.40 14.40 14.40 14.40 14.40 14.40 14.40 14.40 14.40 14.40 14.40 14.40 14.40 14.40 14.40 14.40 14.40 14.40 14.40 14.40 14.40 14.40 14.40 14.40 14.40 14.40 14.40 14.40 1.16 1.14 1.12
0.89 0.89 0.88 0.88 0.88 0.87 0.87 0.86 0.85 0.84 0.84 0.83 0.82 0.81 0.81 0.80 0.79 0.79 0.78 0.78 0.77 0.77 0.77 -1.20 -1.20 -1.20 1.00 1.00 0.94 0.79 0.62 0.52 0.52 0.65 0.88 1.13 1.39 1.64 1.87 2.07 2.24 2.38 2.48 2.54 2.57 2.56 2.52 2.46 2.37 2.28 2.19 2.09 2.00 2.03 2.25 2.57 2.87 3.00 5.00 5.00 5.00 5.00 5.00 5.00 5.00 5.00 5.00 8.60 8.60 8.60 8.60 8.60 8.60 8.60 8.60 8.60 8.60 8.60 8.60 8.60 8.60 8.60 8.60 8.60 8.60 8.60 8.60 8.60 8.60 8.60 8.60 8.60 8.60 8.60 5.00 5.00 5.00 5.00 5.00 5.00 5.00 5.00 5.00 5.00 5.00 5.00 5.00 3.00 2.69 1.88 0.87 0.02 -0.29 -0.20 -0.04 0.16 0.41 0.69 1.00 0.72 0.16 -0.42 0.43 1.55 2.66 2.82 2.93 2.99 3.01 14.40 14.40 14.40 14.40 14.40 14.40 14.40 14.40 14.40 14.40 14.40 14.40 14.40 14.40 14.40 14.40 14.40 14.40 14.40 14.40 14.40 14.40 14.40 14.40 14.40 14.40 14.40 14.40 14.40 1.03 0.99 0.96
0.99 0.99 0.98 0.98 0.97 0.97 0.96 0.95 0.94 0.93 0.92 0.91 0.90 0.89 0.88 0.87 0.86 0.85 0.85 0.84 0.84 0.83 0.83 -1.20 -1.20 -1.20 1.00 1.00 0.95 0.82 0.70 0.65 0.69 0.85 1.07 1.30 1.53 1.74 1.92 2.08 2.21 2.30 2.36 2.39 2.38 2.36 2.31 2.25 2.18 2.10 2.03 1.97 1.91 1.99 2.25 2.59 2.88 3.00 5.00 5.00 5.00 5.00 5.00 5.00 5.00 5.00 5.00 8.60 8.60 8.60 8.60 8.60 8.60 8.60 8.60 8.60 8.60 8.60 8.60 8.60 8.60 8.60 8.60 8.60 8.60 8.60 8.60 8.60 8.60 8.60 8.60 8.60 8.60 8.60 5.00 5.00 5.00 5.00 5.00 5.00 5.00 5.00 5.00 5.00 5.00 5.00 5.00 3.00 2.68 1.88 0.91 0.11 -0.16 -0.03 0.15 0.37 0.62 0.90 1.20 1.00 0.41 -0.20 0.40 1.47 2.64 2.76 2.83 2.85 2.83 14.40 14.40 14.40 14.40 14.40 14.40 14.40 14.40 14.40 14.40 14.40 14.40 14.40 14.40 14.40 14.40 14.40 14.40 14.40 14.40 14.40 14.40 14.40 14.40 14.40 14.40 14.40 14.40 14.40 0.89 0.84 0.80
1.10 1.10 1.10 1.09 1.08 1.07 1.06 1.05 1.04 1.03 1.01 1.00 0.99 0.97 0.96 0.95 0.94 0.93 0.92 0.91 0.91 0.90 0.90 -1.20 -1.20 -1.20 1.00 1.00 0.96 0.87 0.80 0.79 0.88 1.05 1.26 1.46 1.64 1.81 1.95 2.06 2.14 2.19 2.21 2.21 2.18 2.14 2.09 2.04 1.98 1.93 1.89 1.86 1.85 1.97 2.26 2.61 2.89 3.00 5.00 5.00 5.00 5.00 5.00 5.00 5.00 5.00 5.00 8.60 8.60 8.60 8.60 8.60 8.60 8.60 8.60 8.60 8.60 8.60 8.60 8.60 8.60 8.60 8.60 8.60 8.60 8.60 8.60 8.60 8.60 8.60 8.60 8.60 8.60 8.60 5.00 5.00 5.00 5.00 5.00 5.00 5.00 5.00 5.00 5.00 5.00 5.00 5.00 3.00 2.68 1.91 0.98 0.24 0.02 0.17 0.37 0.60 0.85 1.12 1.39 1.26 0.64 -0.02 0.33 1.36 2.58 2.65 2.68 2.67 2.62 14.40 14.40 14.40 14.40 14.40 14.40 14.40 14.40 14.40 14.40 14.40 14.40 14.40 14.40 14.40 14.40 14.40 14.40 14.40 14.40 14.40 14.40 14.40 14.40 14.40 14.40 14.40 14.40 14.40 0.75 0.70 0.67
1.23 1.23 1.22 1.22 1.21 1.20 1.18 1.17 1.15 1.14 1.12 1.10 1.09 1.07 1.05 1.04 1.02 1.01 1.00 0.99 0.98 0.98 0.98 -1.20 -1.20 -1.20 1.00 1.00 0.97 0.92 0.89 0.94 1.06 1.24 1.43 1.59 1.73 1.85 1.94 2.00 2.04 2.05 2.04 2.01 1.97 1.93 1.88 1.84 1.81 1.78 1.78 1.79 1.81 1.97 2.29 2.64 2.90 3.00 5.00 5.00 5.00 5.00 5.00 5.00 5.00 5.00 5.00 8.60 8.60 8.60 8.60 8.60 8.60 8.60 8.60 8.60 8.60 8.60 8.60 8.60 8.60 8.60 8.60 8.60 8.60 8.60 8.60 8.60 8.60 8.60 8.60 8.60 8.60 8.60 5.00 5.00 5.00 5.00 5.00 5.00 5.00 5.00 5.00 5.00 5.00 5.00 5.00 3.00 2.69 1.95 1.08 0.42 0.24 0.41 0.62 0.84 1.08 1.33 1.57 1.79 0.83 0.13 0.22 1.20 2.14 2.51 2.50 2.46 2.39 14.40 14.40 14.40 14.40 14.40 14.40 14.40 14.40 14.40 14.40 14.40 14.40 14.40 14.40 14.40 14.40 14.40 14.40 14.40 14.40 14.40 14.40 14.40 14.40 14.40 14.40 14.40 14.40 14.40 0.63 0.58 0.57
1.37 1.37 1.36 1.36 1.34 1.33 1.31 1.30 1.28 1.26 1.24 1.22 1.20 1.18 1.16 1.14 1.12 1.10 1.09 1.08 1.07 1.06 1.06 -1.20 -1.20 -1.20 1.00 1.00 0.98 0.97 1.00 1.09 1.24 1.42 1.58 1.70 1.79 1.85 1.89 1.91 1.91 1.89 1.85 1.81 1.76 1.71 1.68 1.66 1.65 1.66 1.69 1.74 1.80 2.00 2.33 2.67 2.91 3.00 5.00 5.00 5.00 5.00 5.00 5.00 5.00 5.00 5.00 8.60 8.60 8.60 8.60 8.60 8.60 8.60 8.60 8.60 8.60 8.60 8.60 8.60 8.60 8.60 8.60 8.60 8.60 8.60 8.60 8.60 8.60 8.60 8.60 8.60 8.60 8.60 5.00 5.00 5.00 5.00 5.00 5.00 5.00 5.00 5.00 5.00 5.00 5.00 5.00 3.00 2.71 2.01 1.21 0.63 0.50 0.68 0.88 1.10 1.32 1.53 1.73 1.91 1.00 0.25 0.08 1.01 1.90 2.33 2.29 2.23 2.15 16.20 16.20 16.20 16.20 16.20 16.20 16.20 16.20 16.20 16.20 16.20 16.20 16.20 16.20 16.20 16.20 16.20 16.20 16.20 16.20 16.20 16.20 16.20 16.20 16.20 16.20 16.20 16.20 16.20 0.54 0.49 0.49
1.53 1.52 1.52 1.51 1.49 1.48 1.46 1.44 1.41 1.39 1.37 1.34 1.31 1.29 1.27 1.24 1.22 1.20 1.19 1.17 1.16 1.16 1.16 -1.20 -1.20 -1.20 1.00 1.00 1.00 1.02 1.10 1.23 1.41 1.58 1.70 1.77 1.81 1.83 1.83 1.80 1.76 1.71 1.65 1.60 1.55 1.52 1.50 1.50 1.52 1.57 1.63 1.72 1.82 2.04 2.38 2.70 2.92 3.00 5.00 5.00 5.00 5.00 5.00 5.00 5.00 5.00 5.00 8.60 8.60 8.60 8.60 8.60 8.60 8.60 8.60 8.60 8.60 8.60 8.60 8.60 8.60 8.60 8.60 8.60 8.60 8.60 8.60 8.60 8.60 8.60 8.60 8.60 8.60 8.60 5.00 5.00 5.00 5.00 5.00 5.00 5.00 5.00 5.00 5.00 5.00 5.00 5.00 3.00 2.72 2.08 1.37 0.87 0.78 0.96 1.15 1.35 1.54 1.71 1.86 1.99 1.13 0.33 -0.10 0.78 1.63 2.13 2.06 1.99 1.90 16.20 16.20 16.20 16.20 16.20 16.20 16.20 16.20 16.20 16.20 16.20 16.20 16.20 16.20 16.20 16.20 16.20 16.20 16.20 16.20 16.20 16.20 16.20 16.20 16.20 16.20 16.20 16.20 16.20 0.47 0.44 0.46
1.69 1.69 1.68 1.67 1.65 1.63 1.61 1.59 1.56 1.53 1.50 1.47 1.44 1.41 1.39 1.36 1.33 1.31 1.29 1.28 1.27 1.26 1.26 -1.20 -1.20 -1.20 1.00 1.00 1.01 1.07 1.19 1.36 1.55 1.71 1.80 1.82 1.81 1.78 1.73 1.67 1.60 1.53 1.46 1.40 1.36 1.34 1.34 1.37 1.42 1.50 1.60 1.72 1.85 2.09 2.43 2.74 2.93 3.00 5.00 5.00 5.00 5.00 5.00 5.00 5.00 5.00 5.00 5.00 5.00 5.00 5.00 5.00 5.00 5.00 5.00 5.00 5.00 5.00 5.00 5.00 5.00 5.00 5.00 5.00 5.00 5.00 5.00 5.00 5.00 5.00 5.00 5.00 5.00 5.00 5.00 5.00 5.00 5.00 5.00 5.00 5.00 5.00 5.00 5.00 5.00 5.00 5.00 3.00 2.75 2.17 1.56 1.14 1.08 1.26 1.43 1.59 1.74 1.87 1.97 2.05 1.24 0.38 -0.31 0.53 1.34 1.91 1.83 1.75 1.66 16.20 16.20 16.20 16.20 16.20 16.20 16.20 16.20 16.20 16.20 16.20 16.20 16.20 16.20 16.20 16.20 16.20 16.20 16.20 16.20 16.20 16.20 16.20 16.20 16.20 16.20 16.20 16.20 16.20 0.43 0.43 0.47
1.87 1.87 1.86 1.85 1.83 1.80 1.78 1.75 1.72 1.69 1.65 1.62 1.58 1.55 1.52 1.48 1.46 1.43 1.41 1.39 1.37 1.37 1.36 -1.20 -1.20 -1.20 1.00 1.00 1.03 1.12 1.28 1.48 1.68 1.82 1.86 1.83 1.78 1.71 1.62 1.53 1.44 1.35 1.28 1.22 1.19 1.19 1.22 1.28 1.36 1.47 1.61 1.76 1.91 2.17 2.49 2.77 2.94 3.00 5.00 5.00 5.00 5.00 5.00 5.00 5.00 5.00 5.00 5.00 5.00 5.00 5.00 5.00 5.00 5.00 5.00 5.00 5.00 5.00 5.00 5.00 5.00 5.00 5.00 5.00 5.00 5.00 5.00 5.00 5.00 5.00 5.00 5.00 5.00 5.00 5.00 5.00 5.00 5.00 5.00 5.00 5.00 5.00 5.00 5.00 5.00 5.00 5.00 3.00 2.77 2.28 1.76 1.43 1.40 1.56 1.70 1.83 1.93 2.01 2.06 2.07 1.28 0.38 -0.54 0.26 1.05 1.69 1.60 1.51 1.44 16.20 16.20 16.20 16.20 16.20 16.20 16.20 16.20 16.20 16.20 16.20 16.20 16.20 16.20 16.20 16.20 16.20 16.20 16.20 16.20 16.20 16.20 16.20 16.20 16.20 16.20 16.20 16.20 16.20 0.44 0.46 0.52
2.06 2.06 2.05 2.03 2.01 1.98 1.96 1.92 1.89 1.85 1.81 1.77 1.73 1.69 1.65 1.62 1.58 1.55 1.53 1.51 1.49 1.48 1.48 -1.20 -1.20 -1.20 1.00 1.00 1.04 1.17 1.36 1.58 1.78 1.89 1.89 1.82 1.73 1.62 1.51 1.39 1.28 1.19 1.12 1.07 1.06 1.08 1.13 1.22 1.34 1.48 1.65 1.82 2.00 2.25 2.56 2.81 2.95 3.00 3.00 3.00 3.00 3.00 3.00 3.00 3.00 3.00 3.00 3.00 3.00 3.00 3.00 3.00 3.00 3.00 3.00 3.00 3.00 3.00 3.00 5.00 5.00 5.00 5.00 3.00 3.00 3.00 3.00 3.00 3.00 3.00 3.00 3.00 3.00 3.00 3.00 3.00 3.00 3.00 3.00 3.00 3.00 3.00 3.00 3.00 3.00 3.00 3.00 3.00 2.81 2.40 1.99 1.74 1.74 1.87 1.97 2.06 2.11 2.13 2.12 2.08 1.04 0.09 -0.49 0.25 0.99 1.47 1.38 1.30 1.24 16.20 16.20 16.20 16.20 16.20 16.20 16.20 16.20 16.20 16.20 16.20 16.20 16.20 16.20 16.20 16.20 16.20 16.20 16.20 16.20 16.20 16.20 16.20 16.20 16.20 16.20 16.20 16.20 16.20 0.49 0.53 0.62
2.26 2.26 2.25 2.23 2.21 2.18 2.14 2.10 2.06 2.02 1.98 1.93 1.89 1.84 1.80 1.76 1.72 1.69 1.66 1.63 1.61 1.60 1.60 -1.20 -1.20 -1.20 1.00 1.00 1.06 1.21 1.43 1.66 1.85 1.94 1.90 1.79 1.66 1.52 1.38 1.26 1.14 1.05 0.98 0.95 0.96 1.01 1.09 1.21 1.36 1.53 1.72 1.92 2.11 2.93 2.94 2.96 2.97 3.00 2.97 2.97 2.96 2.95 2.93 2.92 2.89 2.87 2.85 2.83 2.81 2.79 2.78 2.77 2.76 2.76 2.77 2.77 2.79 2.80 2.82 6.00 6.00 6.00 6.00 2.94 2.97 3.01 3.05 3.08 3.09 3.10 3.08 3.06 3.02 2.97 2.93 2.89 2.87 2.85 2.83 2.82 2.80 2.80 2.79 2.79 2.80 2.81 2.82 3.00 2.85 2.86 2.88 2.89 2.10 2.19 2.26 2.29 2.28 2.24 2.17 1.77 0.79 -0.21 -0.45 0.27 0.99 1.27 1.17 1.10 1.06 16.20 16.20 16.20 16.20 16.20 16.20 16.20 16.20 16.20 16.20 16.20 16.20 16.20 16.20 16.20 16.20 16.20 16.20 16.20 16.20 16.20 16.20 16.20 16.20 16.20 16.20 16.20 16.20 16.20 0.58 0.65 0.75
2.48 2.47 2.46 2.44 2.41 2.38 2.34 2.30 2.25 2.20 2.15 2.10 2.05 2.00 1.95 1.91 1.86 1.83 1.79 1.76 1.74 1.73 1.73 -1.20 -1.20 -1.20 1.00 1.00 1.07 1.25 1.48 1.72 1.89 1.95 1.88 1.73 1.58 1.42 1.27 1.13 1.02 0.93 0.88 0.86 0.90 0.98 1.09 1.25 1.43 1.63 1.85 2.06 2.27 2.81 2.86 2.91 2.98 3.00 2.98 2.93 2.89 2.85 2.79 2.73 2.66 2.59 2.52 2.46 2.40 2.35 2.32 2.30 2.30 2.31 2.33 2.37 2.42 2.48 2.55 2.62 7.00 7.00 7.00 7.00 3.31 3.52 3.70 3.83 3.90 3.91 3.85 3.72 3.54 3.31 3.06 2.80 2.59 2.46 2.42 2.39 2.37 2.37 2.38 2.40 2.44 2.48 2.86 3.00 2.89 2.69 2.75 2.79 2.50 2.55 2.57 2.54 2.47 2.37 2.23 1.58 0.54 -0.50 -0.39 1.11 4.18 7.03 10.22 13.18 15.35 16.20 16.20 16.20 16.20 16.20 16.20 16.20 16.20 16.20 16.20 16.20 16.20 16.20 16.20 16.20 16.20 16.20 16.20 16.20 16.20 16.20 16.20 16.20 16.20 16.20 16.20 16.20 16.20 16.20 19.79 20.09 20.20
2.70 2.70 2.68 2.66 2.63 2.59 2.55 2.50 2.45 2.39 2.34 2.28 2.22 2.17 2.11 2.06 2.01 1.97 1.93 1.90 1.88 1.87 1.86 -1.20 -1.20 -1.20 1.00 1.00 1.08 1.27 1.52 1.76 1.91 1.95 1.84 1.67 1.50 1.33 1.17 1.03 0.92 0.85 0.81 0.82 0.88 0.99 1.15 1.34 1.56 1.79 2.03 2.27 2.49 2.79 2.90 2.99 3.00 3.00 3.00 2.98 2.89 2.80 2.70 2.59 2.47 2.35 2.24 2.15 2.07 2.01 1.98 1.97 1.98 2.02 2.09 2.17 2.27 2.38 2.50 2.62 8.00 8.00 8.00 8.00 4.71 5.20 5.60 5.89 6.05 6.07 5.94 5.68 5.28 4.76 4.15 3.50 2.88 2.35 2.04 1.99 2.00 2.03 2.08 2.16 2.25 2.65 2.91 3.00 2.95 2.89 2.87 2.94 2.96 2.97 2.93 2.84 2.70 2.53 2.33 1.42 0.33 -0.77 -0.32 1.17 4.06 6.94 10.16 13.15 15.34 16.20 16.20 16.20 16.20 16.20 16.20 16.20 16.20 16.20 16.20 16.20 16.20 16.20 16.20 16.20 16.20 16.20 16.20 16.20 16.20 16.20 16.20 16.20 16.20 16.20 16.20 16.20 16.20 16.20 19.79 20.09 20.20
2.94 2.93 2.91 2.89 2.85 2.81 2.77 2.71 2.65 2.59 2.53 2.47 2.41 2.34 2.28 2.22 2.17 2.12 2.08 2.05 2.02 2.01 2.00 -1.20 -1.20 -1.20 1.00 1.00 1.09 1.31 1.59 1.84 1.99 2.01 1.89 1.70 1.52 1.34 1.19 1.06 0.96 0.90 0.88 0.91 1.01 1.16 1.35 1.59 1.84 2.12 2.39 2.65 2.89 3.10 3.26 3.37 3.43 3.43 3.37 3.29 3.17 3.04 2.88 2.72 2.57 2.42 2.29 2.18 2.10 2.05 2.05 2.07 2.14 2.23 2.36 2.50 2.66 2.82 2.98 3.20 3.82 9.00 9.00 9.00 9.00 8.64 9.32 9.80 10.07 10.11 9.93 9.51 8.86 8.00 6.94 5.76 4.53 3.39 2.48 1.97 1.96 2.07 2.21 2.37 2.56 2.75 2.94 3.12 3.29 3.43 3.54 3.62 3.63 3.59 3.48 3.31 3.10 2.85 2.58 1.41 0.25 -0.70 -0.10 1.36 4.04 6.93 10.16 13.15 15.34 16.20 16.20 16.20 16.20 16.20 16.20 16.20 16.20 16.20 16.20 16.20 16.20 16.20 16.20 16.20 16.20 16.20 16.20 16.20 16.20 16.20 16.20 16.20 16.20 16.20 16.20 16.20 16.20 16.20 19.79 20.09 20.20
3.18 3.17 3.16 3.13 3.09 3.04 2.99 2.93 2.87 2.80 2.73 2.66 2.59 2.52 2.46 2.39 2.34 2.28 2.24 2.20 2.17 2.15 2.15 -1.20 -1.20 -1.20 1.00 1.00 1.11 1.38 1.71 2.01 2.20 2.24 2.12 1.92 1.74 1.57 1.42 1.30 1.22 1.18 1.18 1.23 1.36 1.55 1.80 2.08 2.39 2.70 3.02 3.32 3.59 3.81 3.99 4.11 4.16 4.14 4.07 3.98 3.86 3.73 3.59 3.45 3.33 3.22 3.13 3.07 3.04 3.04 3.08 3.15 3.24 3.37 3.51 3.66 3.81 3.96 4.14 4.71 5.64 10.00 10.00 10.00 10.00 10.00 11.57 12.03 12.29 12.35 12.20 11.83 11.23 10.40 9.34 8.10 6.75 5.41 4.21 3.32 2.92 3.04 3.22 3.43 3.64 3.85 4.06 4.24 4.40 4.53 4.61 4.65 4.63 4.52 4.34 4.09 3.79 3.46 3.10 1.66 0.43 -0.20 0.35 1.76 4.21 7.05 10.24 13.20 15.36 16.20 16.20 16.20 16.20 16.20 16.20 16.20 16.20 16.20 16.20 16.20 16.20 16.20 16.20 16.20 16.20 16.20 16.20 16.20 16.20 16.20 16.20 16.20 16.20 16.20 16.20 16.20 16.20 16.20 19.79 20.09 20.20
3.43 3.43 3.41 3.38 3.33 3.28 3.23 3.16 3.09 3.02 2.94 2.87 2.79 2.71 2.64 2.57 2.51 2.45 2.40 2.36 2.33 2.31 2.30 -1.20 -1.20 -1.20 1.00 1.00 1.14 1.47 1.88 2.26 2.52 2.61 2.51 2.31 2.13 1.97 1.84 1.74 1.68 1.65 1.67 1.75 1.91 2.16 2.45 2.80 3.16 3.54 3.91 4.26 4.57 4.83 5.04 5.17 5.23 5.20 5.12 5.02 4.91 4.79 4.67 4.57 4.48 4.41 4.37 4.36 4.38 4.43 4.51 4.62 4.75 4.89 5.04 5.19 5.33 5.46 5.89 6.71 7.77 8.93 11.00 11.00 11.00 11.00 13.39 13.77 13.98 14.03 13.94 13.67 13.21 12.51 11.57 10.41 9.09 7.70 6.38 5.29 4.57 4.40 4.63 4.86 5.10 5.32 5.53 5.71 5.85 5.95 6.01 6.02 5.95 5.77 5.51 5.17 4.78 4.35 3.49 2.17 0.86 0.54 1.03 2.37 4.54 7.30 10.40 13.29 15.38 16.20 16.20 16.20 16.20 16.20 16.20 16.20 16.20 16.20 16.20 16.20 16.20 16.20 16.20 16.20 16.20 16.20 16.20 16.20 16.20 16.20 16.20 16.20 16.20 16.20 16.20 16.20 16.20 16.20 19.79 20.09 20.20
3.70 3.69 3.67 3.63 3.59 3.53 3.47 3.40 3.32 3.24 3.16 3.08 2.99 2.91 2.83 2.75 2.68 2.62 2.57 2.52 2.49 2.47 2.46 -1.20 -1.20 -1.20 1.00 1.00 1.17 1.58 2.10 2.58 2.94 3.11 3.03 2.85 2.68 2.54 2.43 2.35 2.31 2.30 2.33 2.43 2.64 2.93 3.30 3.71 4.15 4.60 5.04 5.45 5.83 6.14 6.39 6.55 6.62 6.59 6.51 6.41 6.31 6.21 6.13 6.06 6.02 6.00 6.01 6.05 6.13 6.22 6.35 6.49 6.64 6.80 6.95 7.09 7.21 7.43 8.03 8.90 9.91 10.96 11.97 12.00 12.00 12.00 12.00 14.77 14.87 14.90 14.86 14.75 14.49 14.03 13.32 12.37 11.21 9.94 8.67 7.55 6.71 6.30 6.41 6.66 6.91 7.14 7.34 7.51 7.63 7.70 7.73 7.70 7.58 7.34 6.99 6.56 6.06 5.51 4.35 2.93 1.52 1.50 1.91 3.28 5.02 7.65 10.64 13.41 15.42 16.20 16.20 16.20 16.20 16.20 16.20 16.20 16.20 16.20 16.20 16.20 16.20 16.20 16.20 16.20 16.20 16.20 16.20 16.20 16.20 16.20 16.20 16.20 16.20 16.20 16.20 16.20 16.20 16.20 19.79 20.09 20.20
3.97 3.96 3.94 3.90 3.85 3.79 3.72 3.65 3.56 3.48 3.39 3.29 3.20 3.11 3.03 2.94 2.87 2.80 2.74 2.69 2.65 2.63 2.62 -1.20 -1.20 -1.20 1.00 1.00 1.21 1.71 2.35 2.97 3.45 3.71 3.69 3.52 3.37 3.25 3.16 3.11 3.08 3.09 3.13 3.25 3.50 3.85 4.29 4.78 5.30 5.84 6.37 6.87 7.32 7.71 8.01 8.22 8.31 8.29 8.21 8.12 8.04 7.97 7.93 7.90 7.91 7.94 8.01 8.10 8.22 8.37 8.52 8.69 8.86 9.02 9.17 9.29 9.39 9.71 10.29 11.03 11.84 12.65 13.41 13.00 13.00 13.00 13.00 15.00 15.00 15.00 15.00 15.00 14.98 14.82 14.42 13.77 12.89 11.86 10.79 9.81 9.03 8.57 8.52 8.78 9.03 9.26 9.44 9.59 9.69 9.73 9.73 9.67 9.50 9.19 8.75 8.21 7.59 6.92 5.45 3.91 2.39 2.65 2.98 4.05 5.63 8.10 10.93 13.55 15.46 16.20 16.20 16.20 16.20 16.20 16.20 16.20 16.20 16.20 16.20 16.20 16.20 16.20 16.20 16.20 16.20 16.20 16.20 16.20 16.20 16.20 16.20 16.31 16.62 17.06 17.61 18.20 18.79 19.34 19.79 20.09 20.20
4.25 4.24 4.21 4.17 4.12 4.06 3.98 3.90 3.81 3.72 3.62 3.52 3.42 3.32 3.23 3.14 3.06 2.98 2.92 2.86 2.82 2.80 2.79 -1.20 -1.20 -1.20 1.00 1.00 1.24 1.85 2.62 3.40 4.03 4.41 4.45 4.30 4.18 4.08 4.02 3.98 3.98 4.00 4.04 4.17 4.46 4.87 5.38 5.96 6.58 7.22 7.84 8.44 8.98 9.45 9.82 10.09 10.23 10.22 10.14 10.07 10.02 9.99 9.99 10.01 10.07 10.16 10.28 10.42 10.59 10.77 10.95 11.14 11.32 11.47 11.61 11.70 11.81 12.07 12.45 12.90 13.39 13.89 14.34 14.71 14.00 14.00 14.00 14.00 15.00 15.00 15.00 15.00 15.00 15.00 14.91 14.58 14.02 13.32 12.56 11.86 11.30 10.97 10.91 11.12 11.36 11.57 11.74 11.86 11.93 11.95 11.91 11.83 11.62 11.24 10.71 10.06 9.32 8.53 6.74 5.07 3.82 3.97 4.20 4.95 6.36 8.63 11.29 13.76 15.55 16.24 16.24 16.24 16.24 16.24 16.24 16.24 16.24 16.24 16.24 16.24 16.24 16.24 16.24 16.24 16.24 16.24 16.24 16.24 16.24 16.24 16.24 16.35 16.66 17.10 17.65 18.24 18.83 19.38 19.82 20.13 20.24
4.54 4.53 4.50 4.46 4.40 4.33 4.25 4.16 4.06 3.96 3.86 3.75 3.64 3.54 3.44 3.34 3.25 3.17 3.10 3.04 3.00 2.97 2.96 -1.20 -1.20 -1.20 1.00 1.00 1.29 2.00 2.92 3.87 4.67 5.18 5.29 5.17 5.08 5.01 4.97 4.95 4.96 4.98 5.02 5.17 5.49 5.96 6.54 7.20 7.91 8.65 9.38 10.07 10.71 11.27 11.73 12.06 12.24 12.26 12.19 12.15 12.13 12.14 12.19 12.27 12.38 12.52 12.69 12.88 13.08 13.29 13.50 13.70 13.87 14.02 14.13 14.19 14.24 14.29 14.34 14.42 14.53 14.67 14.83 14.96 15.00 15.00 15.00 15.00 15.00 15.00 15.00 15.00 15.00 15.00 15.00 14.92 14.66 14.29 13.90 13.56 13.34 13.26 13.34 13.54 13.77 13.96 14.11 14.20 14.24 14.23 14.17 14.07 13.82 13.37 12.76 12.00 11.15 9.93 8.13 6.34 5.35 5.39 5.53 5.95 7.18 9.26 11.73 14.04 15.72 16.36 16.36 16.36 16.36 16.36 16.36 16.36 16.36 16.36 16.36 16.36 16.36 16.36 16.36 16.36 16.36 16.36 16.36 16.36 16.36 16.36 16.36 16.47 16.78 17.23 17.77 18.36 18.95 19.50 19.95 20.25 20.36
4.83 4.82 4.79 4.75 4.68 4.61 4.52 4.43 4.32 4.21 4.10 3.99 3.87 3.76 3.65 3.54 3.45 3.36 3.29 3.23 3.18 3.15 3.14 -1.20 -1.20 -1.20 1.00 1.00 1.33 2.15 3.24 4.37 5.35 6.01 6.20 6.11 6.05 6.01 5.98 5.98 6.00 6.02 6.05 6.20 6.54 7.06 7.70 8.43 9.23 10.05 10.87 11.66 12.39 13.04 13.57 13.97 14.21 14.25 14.21 14.20 14.22 14.28 14.37 14.50 14.67 14.86 15.07 15.30 15.54 15.77 15.99 16.19 16.36 16.48 16.56 16.59 16.47 16.22 15.89 15.56 15.29 15.11 15.02 15.00 15.00 15.00 15.00 15.00 15.00 15.00 15.00 15.00 15.00 15.00 15.00 15.00 14.94 14.86 14.83 14.88 15.04 15.29 15.60 15.88 16.09 16.26 16.38 16.44 16.46 16.42 16.34 16.22 15.95 15.45 14.76 13.92 12.97 11.45 9.54 7.64 6.93 6.87 7.13 7.02 8.06 9.95 12.24 14.39 15.96 16.56 16.56 16.56 16.56 16.56 16.56 16.56 16.56 16.56 16.56 16.56 16.56 16.56 16.56 16.56 16.56 16.56 16.56 16.56 16.56 16.56 16.56 16.67 16.97 17.42 17.97 18.56 19.15 19.69 20.14 20.45 20.56
