# Ground of the shrine town's mountain rows (z 256-384, x 0-320, every 2 m) from layout.py; generated by make_mountain.py, do not edit.
4.83 4.82 4.79 4.75 4.68 4.61 4.52 4.43 4.32 4.21 4.10 3.99 3.87 3.76 3.65 3.54 3.45 3.36 3.29 3.23 3.18 3.15 -1.20 -1.20 -1.20 -1.20 -1.20 1.00 1.33 2.15 3.24 4.37 5.35 6.01 6.20 6.11 6.05 6.01 5.98 5.98 6.00 6.02 6.05 6.20 6.54 7.06 7.70 8.43 9.23 10.05 10.87 11.66 12.39 13.04 13.57 13.97 14.21 14.25 14.21 14.20 14.22 14.28 14.37 14.50 14.67 14.86 15.07 15.30 15.54 15.77 15.99 16.19 16.36 16.48 16.56 16.59 16.56 16.48 16.34 16.15 16.16 17.28 18.88 19.95 20.00 20.00 20.00 20.00 20.00 20.00 20.00 20.00 20.00 20.00 20.00 19.94 18.54 16.35 14.77 14.75 15.06 15.35 15.63 15.88 16.09 16.26 16.38 16.44 16.46 16.42 16.34 16.22 15.95 15.45 14.76 13.92 12.97 11.45 9.54 7.64 6.93 6.87 7.13 7.02 8.06 9.95 12.24 14.39 15.96 16.56 16.56 16.56 16.56 16.56 16.56 16.56 16.56 16.56 16.56 16.56 16.56 16.56 16.56 16.56 16.56 16.56 16.56 16.56 16.56 16.56 16.56 16.67 16.97 17.42 17.97 18.56 19.15 19.69 20.14 20.45 20.56
5.14 5.12 5.09 5.04 4.98 4.90 4.80 4.70 4.59 4.47 4.35 4.23 4.11 3.98 3.87 3.76 3.65 3.56 3.48 3.41 3.36 3.33 -1.20 -1.20 -1.20 -1.20 -1.20 1.00 1.37 2.31 3.56 4.88 6.05 6.87 7.14 7.09 7.05 7.04 7.03 7.04 7.06 7.08 7.09 7.23 7.59 8.12 8.80 9.58 10.44 11.33 12.22 13.09 13.89 14.61 15.22 15.67 15.96 16.04 16.03 16.05 16.11 16.22 16.36 16.55 16.76 17.00 17.25 17.52 17.77 18.02 18.25 18.44 18.58 18.68 18.73 18.71 18.64 18.51 18.32 18.09 18.09 18.76 19.64 20.00 20.00 20.00 20.00 20.00 20.00 20.00 20.00 20.00 20.00 20.00 20.00 20.00 19.49 18.15 17.01 16.88 17.19 17.47 17.73 17.96 18.14 18.28 18.37 18.41 18.40 18.35 18.25 18.12 17.83 17.30 16.56 15.66 14.64 12.85 10.86 8.88 8.47 8.33 8.32 8.10 8.98 10.69 12.80 14.81 16.26 16.83 16.83 16.83 16.83 16.83 16.83 16.83 16.83 16.83 16.83 16.83 16.83 16.83 16.83 16.83 16.83 16.83 16.83 16.83 16.83 16.83 16.83 16.94 17.24 17.69 18.23 18.83 19.42 19.96 20.41 20.71 20.83
5.45 5.43 5.40 5.35 5.28 5.19 5.09 4.98 4.86 4.74 4.61 4.48 4.34 4.22 4.09 3.97 3.86 3.76 3.68 3.61 3.55 3.52 -1.20 -1.20 -1.20 -1.20 -1.20 1.00 1.42 2.47 3.89 5.40 6.77 7.74 8.10 8.08 8.07 8.08 8.09 8.10 8.11 8.12 8.11 8.23 8.58 9.11 9.80 10.60 11.48 12.40 13.33 14.24 15.09 15.86 16.51 17.01 17.34 17.46 17.48 17.54 17.65 17.81 18.00 18.23 18.49 18.77 19.05 19.34 19.61 19.86 20.08 20.25 20.38 20.44 20.45 20.39 20.28 20.10 19.87 19.60 19.41 19.56 19.90 20.00 20.00 20.00 20.00 20.00 20.00 20.00 20.00 20.00 20.00 20.00 20.00 20.00 19.84 19.17 18.62 18.61 18.90 19.17 19.40 19.60 19.76 19.87 19.93 19.94 19.91 19.84 19.74 19.61 19.32 18.78 18.01 17.09 16.03 14.02 11.99 10.16 9.89 9.71 9.47 9.16 9.90 11.44 13.41 15.27 16.64 17.16 17.16 17.16 17.16 17.16 17.16 17.16 17.16 17.16 17.16 17.16 17.16 17.16 17.16 17.16 17.16 17.16 17.16 17.16 17.16 17.16 17.16 17.28 17.58 18.03 18.57 19.16 19.76 20.30 20.75 21.05 21.16
5.76 5.75 5.71 5.66 5.58 5.49 5.39 5.27 5.14 5.01 4.87 4.73 4.59 4.45 4.32 4.19 4.07 3.97 3.88 3.80 3.75 3.71 -1.20 -1.20 -1.20 -1.20 -1.20 1.00 1.46 2.62 4.20 5.91 7.47 8.61 9.05 9.06 9.08 9.10 9.11 9.13 9.13 9.11 9.08 9.17 9.48 9.99 10.65 11.43 12.29 13.20 14.12 15.03 15.89 16.68 17.35 17.89 18.25 18.40 18.46 18.57 18.72 18.92 19.16 19.43 19.73 20.04 20.34 20.64 20.92 21.16 21.37 21.52 21.61 21.64 21.60 21.50 21.34 21.13 20.86 20.56 20.18 19.95 19.97 20.00 20.00 20.00 20.00 20.00 20.00 20.00 20.00 20.00 20.00 20.00 20.00 20.00 19.94 19.70 19.62 19.81 20.08 20.32 20.52 20.69 20.81 20.89 20.93 20.92 20.88 20.80 20.70 20.58 20.30 19.77 19.02 18.10 17.06 14.87 12.85 11.40 11.14 10.95 10.51 10.15 10.79 12.20 14.03 15.78 17.07 17.57 17.57 17.57 17.57 17.57 17.57 17.57 17.57 17.57 17.57 17.57 17.57 17.57 17.57 17.57 17.57 17.57 17.57 17.57 17.57 17.57 17.57 17.68 17.98 18.43 18.97 19.57 20.16 20.70 21.15 21.45 21.57
6.09 6.07 6.03 5.97 5.89 5.80 5.68 5.56 5.43 5.28 5.14 4.99 4.84 4.69 4.55 4.42 4.29 4.18 4.08 4.00 3.94 3.90 -1.20 -1.20 -1.20 -1.20 -1.20 1.00 1.49 2.77 4.50 6.39 8.14 9.44 9.96 9.99 10.03 10.06 10.08 10.08 10.07 10.03 9.96 10.01 10.27 10.72 11.32 12.04 12.84 13.69 14.56 15.43 16.26 17.03 17.70 18.24 18.62 18.80 18.90 19.05 19.25 19.50 19.78 20.09 20.41 20.74 21.06 21.36 21.63 21.86 22.04 22.16 22.21 22.20 22.13 21.99 21.79 21.54 21.24 20.92 20.47 20.09 19.99 20.00 20.00 20.00 20.00 20.00 20.00 20.00 20.00 20.00 20.00 20.00 20.00 20.00 19.97 19.95 20.13 20.41 20.65 20.86 21.03 21.16 21.25 21.31 21.32 21.30 21.25 21.17 21.07 20.97 20.72 20.22 19.52 18.66 17.27 15.35 13.39 12.38 12.16 12.01 11.41 11.05 11.62 12.94 14.66 16.33 17.55 18.03 18.03 18.03 18.03 18.03 18.03 18.03 18.03 18.03 18.03 18.03 18.03 18.03 18.03 18.03 18.03 18.03 18.03 18.03 18.03 18.03 18.03 18.14 18.45 18.90 19.44 20.03 20.62 21.17 21.62 21.92 22.03
6.41 6.40 6.36 6.30 6.21 6.11 5.99 5.86 5.71 5.56 5.41 5.25 5.09 4.94 4.79 4.64 4.51 4.39 4.29 4.21 4.14 4.10 -1.20 -1.20 -1.20 -1.20 -1.20 1.00 1.53 2.90 4.78 6.84 8.76 10.20 10.80 10.85 10.90 10.93 10.94 10.93 10.90 10.83 10.73 10.73 10.92 11.29 11.80 12.42 13.12 13.87 14.66 15.45 16.21 16.93 17.56 18.09 18.48 18.69 18.83 19.02 19.26 19.55 19.86 20.19 20.53 20.87 21.19 21.49 21.74 21.95 22.10 22.18 22.20 22.15 22.04 21.86 21.63 21.35 21.03 20.70 20.30 20.00 19.96 20.00 20.00 20.00 20.00 20.00 20.00 20.00 20.00 20.00 20.00 20.00 20.00 20.00 19.96 19.98 20.17 20.42 20.62 20.79 20.93 21.03 21.09 21.12 21.12 21.08 21.03 20.96 20.88 20.80 20.59 20.15 19.53 18.75 17.28 15.46 13.60 13.07 12.95 12.99 12.15 11.81 12.37 13.64 15.29 16.90 18.09 18.56 18.56 18.56 18.56 18.56 18.56 18.56 18.56 18.56 18.56 18.56 18.56 18.56 18.56 18.56 18.56 18.56 18.56 18.56 18.56 18.56 18.56 18.67 18.97 19.42 19.96 20.56 21.15 21.69 22.14 22.44 22.56
6.75 6.73 6.69 6.62 6.53 6.42 6.30 6.16 6.01 5.85 5.69 5.52 5.35 5.19 5.03 4.88 4.74 4.61 4.50 4.41 4.35 4.30 -1.20 -1.20 -1.20 -1.20 -1.20 1.00 1.56 3.01 5.02 7.24 9.31 10.87 11.53 11.60 11.65 11.68 11.68 11.65 11.59 11.49 11.35 11.30 11.42 11.68 12.08 12.57 13.15 13.78 14.44 15.12 15.80 16.44 17.02 17.52 17.90 18.14 18.31 18.55 18.82 19.13 19.47 19.82 20.17 20.51 20.82 21.10 21.33 21.50 21.61 21.66 21.64 21.55 21.40 21.19 20.94 20.64 20.32 19.98 19.66 19.57 19.76 19.99 20.00 20.00 20.00 20.00 20.00 20.00 20.00 20.00 20.00 20.00 20.00 19.99 19.83 19.70 19.74 19.91 20.07 20.20 20.30 20.37 20.41 20.42 20.40 20.37 20.32 20.26 20.21 20.15 19.99 19.63 19.11 18.45 16.83 15.20 13.51 13.50 13.49 13.45 12.70 12.43 13.02 14.27 15.90 17.48 18.67 19.13 19.13 19.13 19.13 19.13 19.13 19.13 19.13 19.13 19.13 19.13 19.13 19.13 19.13 19.13 19.13 19.13 19.13 19.13 19.13 19.13 19.13 19.25 19.55 20.00 20.54 21.13 21.73 22.27 22.72 23.02 23.13
7.09 7.07 7.03 6.96 6.86 6.75 6.61 6.47 6.31 6.14 5.97 5.79 5.61 5.44 5.27 5.11 4.97 4.83 4.72 4.62 4.55 4.51 -1.20 -1.20 -1.20 -1.20 -1.20 1.00 1.58 3.10 5.21 7.56 9.76 11.42 12.13 12.20 12.26 12.28 12.26 12.21 12.11 11.98 11.81 11.70 11.73 11.89 12.16 12.52 12.95 13.45 13.98 14.54 15.10 15.65 16.17 16.63 17.00 17.26 17.47 17.73 18.04 18.37 18.72 19.08 19.42 19.75 20.04 20.29 20.49 20.63 20.70 20.71 20.65 20.53 20.35 20.11 19.84 19.54 19.22 18.89 18.57 18.64 19.15 19.76 20.00 20.00 20.00 20.00 20.00 20.00 20.00 20.00 20.00 20.00 20.00 19.82 19.37 18.97 18.86 19.00 19.12 19.21 19.27 19.31 19.32 19.32 19.30 19.27 19.23 19.20 19.17 19.15 19.04 18.77 18.36 17.46 16.04 14.56 13.69 13.78 13.87 13.71 13.06 12.88 13.53 14.83 16.48 18.08 19.29 19.77 19.77 19.77 19.77 19.77 19.77 19.77 19.77 19.77 19.77 19.77 19.77 19.77 19.77 19.77 19.77 19.77 19.77 19.77 19.77 19.77 19.77 19.88 20.18 20.63 21.17 21.77 22.36 22.90 23.35 23.65 23.77
7.43 7.41 7.37 7.29 7.19 7.07 6.93 6.78 6.61 6.43 6.25 6.06 5.88 5.70 5.52 5.35 5.20 5.06 4.94 4.84 4.76 4.71 -1.20 -1.20 -1.20 -1.20 -1.20 1.00 1.60 3.17 5.35 7.79 10.09 11.82 12.56 12.64 12.68 12.68 12.65 12.56 12.44 12.27 12.06 11.90 11.86 11.91 12.06 12.28 12.58 12.93 13.34 13.77 14.23 14.69 15.14 15.55 15.90 16.18 16.42 16.71 17.03 17.38 17.73 18.08 18.41 18.72 18.98 19.20 19.36 19.45 19.49 19.46 19.36 19.21 19.00 18.76 18.48 18.18 17.87 17.56 17.27 17.21 17.89 18.91 19.74 20.00 20.00 20.00 20.00 20.00 20.00 20.00 20.00 20.00 19.79 19.14 18.33 17.74 17.70 17.80 17.88 17.93 17.97 17.98 17.98 17.96 17.95 17.93 17.91 17.90 17.90 17.92 17.86 17.68 17.39 16.31 15.04 13.71 13.65 13.90 14.34 13.77 13.23 13.15 13.91 15.29 17.01 18.68 19.94 20.44 20.44 20.44 20.44 20.44 20.44 20.44 20.44 20.44 20.44 20.44 20.44 20.44 20.44 20.44 20.44 20.44 20.44 20.44 20.44 20.44 20.44 20.56 20.86 21.31 21.85 22.44 23.04 23.58 24.03 24.33 24.44
7.78 7.76 7.71 7.63 7.53 7.40 7.25 7.09 6.92 6.73 6.54 6.34 6.15 5.96 5.77 5.59 5.43 5.28 5.16 5.05 4.97 4.92 -1.20 -1.20 -1.20 -1.20 -1.20 1.00 1.61 3.20 5.43 7.92 10.27 12.04 12.79 12.86 12.89 12.87 12.81 12.70 12.54 12.34 12.10 11.90 11.78 11.74 11.78 11.88 12.06 12.29 12.57 12.89 13.25 13.63 14.01 14.39 14.72 15.01 15.28 15.59 15.92 16.26 16.61 16.94 17.25 17.52 17.75 17.92 18.04 18.09 18.09 18.02 17.89 17.72 17.50 17.24 16.97 16.68 16.40 16.12 15.86 15.63 16.02 17.17 18.48 19.48 19.95 20.00 20.00 20.00 20.00 20.00 19.96 19.55 18.72 17.65 16.68 16.30 16.38 16.44 16.48 16.50 16.51 16.50 16.49 16.48 16.47 16.46 16.47 16.49 16.53 16.58 16.58 16.49 16.31 15.03 13.90 13.05 13.46 13.84 14.09 13.64 13.19 13.23 14.12 15.64 17.48 19.27 20.63 21.17 21.17 21.17 21.17 21.17 21.17 21.17 21.17 21.17 21.17 21.17 21.17 21.17 21.17 21.17 21.17 21.17 21.17 21.17 21.17 21.17 21.17 21.28 21.58 22.03 22.58 23.17 23.76 24.30 24.75 25.06 25.17
8.13 8.11 8.06 7.98 7.87 7.73 7.58 7.41 7.23 7.03 6.83 6.62 6.42 6.22 6.02 5.84 5.67 5.51 5.38 5.27 5.19 5.14 -1.20 -1.20 -1.20 -1.20 -1.20 1.00 1.61 3.21 5.47 7.99 10.36 12.15 12.90 12.95 12.96 12.92 12.83 12.69 12.50 12.27 12.01 11.77 11.59 11.48 11.43 11.44 11.51 11.64 11.83 12.06 12.34 12.65 12.98 13.32 13.64 13.93 14.22 14.53 14.86 15.20 15.52 15.83 16.10 16.34 16.52 16.65 16.72 16.73 16.69 16.59 16.44 16.20 15.81 15.40 15.06 14.80 14.63 14.52 14.43 14.34 14.23 14.86 16.14 17.49 18.57 19.25 19.58 19.68 19.60 19.30 18.71 17.79 16.65 15.57 15.01 15.06 15.09 15.11 15.12 15.11 15.09 15.07 15.06 15.05 15.05 15.07 15.10 15.16 15.23 15.32 15.37 15.36 14.74 13.78 12.77 12.70 13.24 13.74 13.77 13.41 13.04 13.19 14.23 15.92 17.93 19.87 21.34 21.93 21.93 21.93 21.93 21.93 21.93 21.93 21.93 21.93 21.93 21.93 21.93 21.93 21.93 21.93 21.93 21.93 21.93 21.93 21.93 21.93 21.93 22.05 22.35 22.80 23.34 23.93 24.53 25.07 25.52 25.82 25.93
8.49 8.47 8.41 8.33 8.21 8.07 7.91 7.73 7.54 7.33 7.12 6.91 6.69 6.48 6.28 6.09 5.91 5.75 5.61 5.49 5.41 5.35 -1.20 -1.20 -1.20 -1.20 -1.20 1.00 1.61 3.23 5.50 8.05 10.44 12.24 12.98 13.01 12.99 12.92 12.80 12.64 12.42 12.17 11.89 11.68 11.56 11.45 11.29 11.13 11.07 11.13 11.25 11.42 11.64 11.90 12.19 12.50 12.81 13.10 13.39 13.71 14.02 14.34 14.63 14.90 15.13 15.32 15.46 15.54 15.57 15.54 15.46 15.31 14.93 14.46 14.05 13.73 13.53 13.41 13.34 13.31 13.28 13.25 13.21 13.18 13.64 14.66 15.76 16.65 17.22 17.43 17.30 16.84 16.10 15.18 14.33 13.96 13.99 14.00 13.99 13.97 13.95 13.92 13.89 13.86 13.85 13.85 13.87 13.91 13.98 14.06 14.17 14.29 14.39 14.44 13.57 12.71 11.79 12.47 13.11 13.75 13.49 13.20 12.90 13.14 14.34 16.20 18.39 20.50 22.10 22.74 22.74 22.74 22.74 22.74 22.74 22.74 22.74 22.74 22.74 22.74 22.74 22.74 22.74 22.74 22.74 22.74 22.74 22.74 22.74 22.74 22.74 22.85 23.15 23.60 24.15 24.74 25.33 25.87 26.32 26.63 26.74
8.85 8.83 8.77 8.68 8.56 8.41 8.24 8.06 7.85 7.64 7.42 7.20 6.97 6.75 6.54 6.34 6.15 5.98 5.83 5.71 5.62 5.57 -1.20 -1.20 -1.20 -1.20 -1.20 1.00 1.62 3.25 5.54 8.10 10.50 12.29 13.01 13.02 12.98 12.88 12.73 12.54 12.31 12.17 12.27 12.46 12.61 12.60 12.38 11.97 11.43 10.95 10.85 10.98 11.17 11.39 11.66 11.94 12.24 12.53 12.81 13.11 13.41 13.69 13.95 14.17 14.35 14.49 14.58 14.61 14.59 14.53 14.37 14.02 13.63 13.33 13.15 13.06 13.02 13.00 12.99 12.97 12.93 12.84 12.73 12.62 12.55 12.62 13.08 13.65 14.10 14.31 14.24 13.94 13.52 13.20 13.18 13.19 13.17 13.14 13.10 13.05 13.00 12.95 12.91 12.89 12.88 12.90 12.95 13.01 13.11 13.22 13.36 13.51 13.65 13.37 12.61 11.81 11.62 12.37 13.07 13.45 13.25 13.01 12.75 13.08 14.43 16.48 18.86 21.15 22.88 23.58 23.58 23.58 23.58 23.58 23.58 23.58 23.58 23.58 23.58 23.58 23.58 23.58 23.58 23.58 23.58 23.58 23.58 23.58 23.58 23.58 23.58 23.69 23.99 24.44 24.98 25.58 26.17 26.71 27.16 27.46 27.58
9.21 9.19 9.13 9.03 8.91 8.75 8.58 8.38 8.17 7.95 7.72 7.49 7.25 7.02 6.80 6.59 6.39 6.22 6.06 5.94 5.84 5.78 -1.20 -1.20 -1.20 -1.20 -1.20 1.00 1.62 3.26 5.56 8.13 10.53 12.31 13.01 12.99 12.92 12.79 12.62 12.41 12.45 12.84 13.36 13.82 14.11 14.18 14.02 13.59 12.85 11.92 11.06 10.73 10.90 11.11 11.35 11.62 11.90 12.18 12.45 12.73 12.99 13.23 13.44 13.61 13.74 13.83 13.86 13.85 13.79 13.67 13.43 13.20 13.05 13.00 13.00 13.00 13.00 13.00 13.00 13.00 13.00 12.94 12.78 12.56 12.35 12.25 12.30 12.39 12.47 12.54 12.60 12.64 12.67 12.67 12.65 12.61 12.55 12.49 12.41 12.34 12.27 12.21 12.17 12.15 12.16 12.20 12.27 12.36 12.48 12.63 12.79 12.96 13.13 12.56 11.84 11.08 11.59 12.38 13.33 13.21 13.05 12.84 12.60 13.01 14.51 16.76 19.35 21.82 23.70 24.44 24.44 24.44 24.44 24.44 24.44 24.44 24.44 24.44 24.44 24.44 24.44 24.44 24.44 24.44 24.44 24.44 24.44 24.44 24.44 24.44 24.44 24.56 24.86 25.31 25.85 26.44 27.04 27.58 28.03 28.33 28.44
9.57 9.55 9.49 9.39 9.26 9.10 8.92 8.71 8.49 8.26 8.02 7.78 7.53 7.29 7.06 6.84 6.64 6.45 6.30 6.16 6.07 6.00 -1.20 -1.20 -1.20 -1.20 -1.20 1.00 1.62 3.27 5.58 8.15 10.54 12.29 12.95 12.91 12.81 12.66 12.47 12.52 13.09 13.84 14.49 14.87 14.99 15.00 14.99 14.85 14.35 13.40 12.16 11.09 10.81 11.01 11.25 11.50 11.76 12.02 12.27 12.51 12.73 12.92 13.08 13.20 13.27 13.30 13.29 13.23 13.14 13.01 12.94 12.94 12.99 13.00 13.00 13.00 13.00 13.00 13.00 13.00 13.00 13.00 12.97 12.78 12.50 12.24 12.15 12.22 12.29 12.34 12.37 12.38 12.37 12.33 12.27 12.19 12.10 12.00 11.90 11.81 11.73 11.67 11.64 11.63 11.65 11.71 11.80 11.92 12.07 12.24 12.42 12.61 12.79 11.91 11.21 10.80 11.66 12.47 13.12 13.01 12.86 12.67 12.45 12.92 14.58 17.04 19.84 22.52 24.54 25.34 25.34 25.34 25.34 25.34 25.34 25.34 25.34 25.34 25.34 25.34 25.34 25.34 25.34 25.34 25.34 25.34 25.34 25.34 25.34 25.34 25.34 25.45 25.76 26.21 26.75 27.34 27.93 28.48 28.93 29.23 29.34
9.94 9.91 9.85 9.75 9.61 9.45 9.26 9.04 8.81 8.57 8.32 8.07 7.82 7.57 7.32 7.10 6.88 6.69 6.53 6.39 6.29 6.22 -1.20 -1.20 -1.20 -1.20 -1.20 1.00 1.63 3.28 5.59 8.15 10.51 12.22 12.86 12.78 12.66 12.49 12.40 12.96 13.87 14.68 15.00 15.00 15.00 15.00 15.00 15.00 15.00 14.58 13.43 12.02 11.04 11.07 11.29 11.53 11.77 12.00 12.22 12.41 12.59 12.72 12.82 12.88 12.90 12.88 12.82 12.72 12.65 12.69 12.84 12.98 13.00 13.00 13.00 13.00 13.00 13.00 13.00 13.00 13.00 13.00 13.00 12.97 12.75 12.43 12.20 12.18 12.23 12.26 12.26 12.23 12.18 12.10 12.00 11.89 11.77 11.65 11.53 11.43 11.35 11.29 11.27 11.28 11.32 11.40 11.51 11.65 11.82 12.01 12.20 12.40 12.04 11.38 10.69 10.94 11.80 12.61 12.93 12.83 12.69 12.50 12.28 12.82 14.65 17.32 20.36 23.24 25.41 26.26 26.26 26.26 26.26 26.26 26.26 26.26 26.26 26.26 26.26 26.26 26.26 26.26 26.26 26.26 26.26 26.26 26.26 26.26 26.26 26.26 26.26 26.37 26.68 27.13 27.67 28.26 28.85 29.40 29.85 30.15 30.26
10.30 10.28 10.21 10.11 9.97 9.79 9.60 9.38 9.14 8.89 8.63 8.36 8.10 7.84 7.59 7.35 7.13 6.93 6.76 6.62 6.51 6.45 -1.20 -1.20 -1.20 -1.20 -1.20 1.00 1.63 3.29 5.59 8.12 10.44 12.12 12.71 12.61 12.47 12.29 12.54 13.48 14.52 15.00 15.00 15.00 15.00 15.00 15.00 15.00 15.00 15.00 14.39 13.00 11.66 11.22 11.44 11.66 11.87 12.06 12.24 12.39 12.51 12.59 12.63 12.63 12.59 12.52 12.42 12.30 12.37 12.63 12.92 13.00 13.00 13.00 13.00 13.00 13.00 13.00 13.00 13.00 13.00 13.00 13.00 13.00 12.93 12.66 12.37 12.22 12.24 12.24 12.21 12.15 12.06 11.95 11.82 11.68 11.54 11.40 11.28 11.17 11.09 11.05 11.03 11.06 11.12 11.22 11.36 11.52 11.70 11.89 12.09 12.29 11.60 10.93 10.23 11.12 11.97 12.82 12.76 12.65 12.50 12.32 12.11 12.72 14.72 17.61 20.89 23.98 26.29 27.20 27.20 27.20 27.20 27.20 27.20 27.20 27.20 27.20 27.20 27.20 27.20 27.20 27.20 27.20 27.20 27.20 27.20 27.20 27.20 27.20 27.20 27.32 27.62 28.07 28.61 29.20 29.80 30.34 30.79 31.09 31.20
10.67 10.65 10.58 10.47 10.32 10.14 9.94 9.71 9.46 9.20 8.93 8.66 8.39 8.12 7.86 7.61 7.38 7.17 7.00 6.85 6.74 6.67 -1.20 -1.20 -1.20 -1.20 -1.20 1.00 1.63 3.28 5.57 8.07 10.34 11.97 12.53 12.40 12.24 12.10 12.73 13.92 14.88 15.00 15.00 15.00 15.00 15.00 15.00 15.00 15.00 15.00 14.86 13.74 12.30 11.50 11.65 11.84 12.02 12.18 12.30 12.40 12.46 12.48 12.46 12.40 12.32 12.20 12.07 11.99 12.26 12.70 13.00 13.00 13.00 13.00 13.00 13.00 13.00 13.00 13.00 13.00 13.00 13.00 13.00 13.00 13.00 12.82 12.55 12.33 12.29 12.26 12.20 12.10 11.98 11.84 11.69 11.53 11.38 11.23 11.10 11.00 10.93 10.90 10.91 10.95 11.03 11.15 11.30 11.47 11.66 11.85 12.05 11.85 11.20 10.52 10.45 11.33 12.15 12.66 12.58 12.47 12.31 12.13 11.92 12.61 14.78 17.91 21.43 24.74 27.20 28.16 28.16 28.16 28.16 28.16 28.16 28.16 28.16 28.16 28.16 28.16 28.16 28.16 28.16 28.16 28.16 28.16 28.16 28.16 28.16 28.16 28.16 28.27 28.58 29.03 29.57 30.16 30.75 31.30 31.75 32.05 32.16
11.04 11.02 10.95 10.83 10.68 10.49 10.28 10.04 9.79 9.52 9.24 8.96 8.67 8.39 8.12 7.87 7.63 7.42 7.23 7.08 6.96 6.89 1.00 1.00 1.00 1.00 1.00 1.00 1.63 3.27 5.53 7.99 10.21 11.78 12.30 12.16 11.99 11.94 12.85 14.18 14.99 15.00 15.00 15.00 15.00 15.00 15.00 15.00 15.00 15.00 14.99 14.17 12.79 11.86 11.89 12.06 12.19 12.30 12.38 12.41 12.41 12.37 12.29 12.19 12.06 11.91 11.75 11.77 12.23 12.80 13.00 13.00 13.00 13.00 13.00 13.00 13.00 13.00 13.00 13.00 13.00 13.00 13.00 13.00 13.00 12.92 12.68 12.45 12.34 12.28 12.19 12.07 11.93 11.77 11.60 11.43 11.26 11.12 11.00 10.91 10.85 10.84 10.86 10.92 11.02 11.15 11.31 11.48 11.67 11.85 12.04 11.50 10.82 10.11 10.67 11.52 12.54 12.48 12.39 12.26 12.10 11.92 11.73 12.50 14.86 18.23 21.99 25.51 28.12 29.13 29.13 29.13 29.13 29.13 29.13 29.13 29.13 29.13 29.13 29.13 29.13 29.13 29.13 29.13 29.13 29.13 29.13 29.13 29.13 29.13 29.13 29.25 29.55 30.00 30.54 31.13 31.73 32.27 32.72 33.02 33.13
11.41 11.39 11.31 11.20 11.04 10.85 10.62 10.38 10.11 9.84 9.55 9.25 8.96 8.67 8.39 8.12 7.88 7.66 7.47 7.31 7.19 7.11 1.00 1.00 1.00 1.00 1.00 1.00 1.63 3.25 5.48 7.88 10.04 11.56 12.05 11.89 11.73 11.74 12.80 14.25 15.00 15.00 15.00 15.00 15.00 15.00 15.00 15.00 15.00 15.00 15.00 14.34 13.08 12.16 12.15 12.27 12.36 12.42 12.43 12.41 12.35 12.25 12.13 11.97 11.80 11.63 11.45 11.59 12.22 12.86 13.00 13.00 13.00 13.00 13.00 13.00 13.00 13.00 13.00 13.00 13.00 13.00 13.00 13.00 13.00 12.96 12.76 12.53 12.38 12.30 12.18 12.04 11.88 11.70 11.52 11.35 11.19 11.06 10.95 10.87 10.83 10.84 10.88 10.95 11.06 11.20 11.36 11.53 11.71 11.88 12.04 11.14 10.44 10.02 10.88 11.70 12.36 12.29 12.18 12.04 11.88 11.71 11.53 12.40 14.95 18.56 22.57 26.30 29.05 30.12 30.12 30.12 30.12 30.12 30.12 30.12 30.12 30.12 30.12 30.12 30.12 30.12 30.12 30.12 30.12 30.12 30.12 30.12 30.12 30.12 30.12 30.23 30.53 30.98 31.53 32.12 32.71 33.25 33.70 34.01 34.12
11.79 11.76 11.68 11.56 11.40 11.20 10.97 10.71 10.44 10.15 9.85 9.55 9.24 8.94 8.66 8.38 8.13 7.90 7.70 7.54 7.42 7.34 1.00 1.00 1.00 1.00 1.00 1.00 1.62 3.23 5.41 7.76 9.85 11.31 11.77 11.61 11.45 11.46 12.55 14.10 14.99 15.00 15.00 15.00 15.00 15.00 15.00 15.00 15.00 15.00 14.99 14.31 13.17 12.39 12.38 12.46 12.51 12.51 12.47 12.39 12.27 12.12 11.95 11.76 11.56 11.36 11.17 11.40 12.16 12.88 13.00 13.00 13.00 13.00 13.00 13.00 13.00 13.00 13.00 13.00 13.00 13.00 13.00 13.00 13.00 12.97 12.80 12.57 12.40 12.30 12.16 12.00 11.83 11.65 11.47 11.31 11.16 11.04 10.94 10.89 10.87 10.89 10.94 11.03 11.15 11.29 11.44 11.60 11.75 11.90 11.49 10.78 10.03 10.24 11.06 11.85 12.16 12.06 11.94 11.80 11.65 11.50 11.35 12.31 15.06 18.91 23.17 27.10 29.99 31.11 31.11 31.11 31.11 31.11 31.11 31.11 31.11 31.11 31.11 31.11 31.11 31.11 31.11 31.11 31.11 31.11 31.11 31.11 31.11 31.11 31.11 31.22 31.52 31.97 32.51 33.11 33.70 34.24 34.69 34.99 35.11
12.16 12.13 12.05 11.92 11.75 11.55 11.31 11.05 10.77 10.47 10.16 9.84 9.53 9.22 8.92 8.64 8.38 8.14 7.94 7.77 7.64 7.56 1.00 1.00 1.00 1.00 1.00 1.00 1.62 3.20 5.33 7.61 9.64 11.04 11.48 11.33 11.18 11.12 12.08 13.67 14.86 15.00 15.00 15.00 15.00 15.00 15.00 15.00 15.00 15.00 14.90 14.12 13.13 12.56 12.60 12.63 12.62 12.57 12.47 12.33 12.17 11.97 11.76 11.54 11.32 11.11 10.92 11.17 12.01 12.83 13.00 13.00 13.00 13.00 13.00 13.00 13.00 13.00 13.00 13.00 13.00 13.00 13.00 13.00 13.00 12.97 12.80 12.57 12.39 12.27 12.12 11.96 11.78 11.61 11.44 11.29 11.16 11.05 10.98 10.95 10.95 10.99 11.05 11.15 11.26 11.39 11.53 11.67 11.80 11.91 11.13 10.38 9.60 10.42 11.21 12.01 11.93 11.82 11.69 11.56 11.42 11.29 11.17 12.24 15.19 19.28 23.78 27.92 30.93 32.10 32.10 32.10 32.10 32.10 32.10 32.10 32.10 32.10 32.10 32.10 32.10 32.10 32.10 32.10 32.10 32.10 32.10 32.10 32.10 32.10 32.10 32.21 32.52 32.96 33.51 34.10 34.69 35.24 35.68 35.99 36.10
12.53 12.50 12.41 12.28 12.11 11.90 11.66 11.38 11.09 10.78 10.47 10.14 9.82 9.50 9.19 8.90 8.63 8.38 8.17 8.00 7.87 7.78 1.00 1.00 1.00 1.00 1.00 1.00 1.61 3.16 5.24 7.45 9.41 10.76 11.19 11.05 10.93 10.83 11.45 12.95 14.40 15.00 15.00 15.00 15.00 15.00 15.00 15.00 15.00 15.00 14.63 13.81 13.03 12.74 12.77 12.76 12.69 12.59 12.44 12.25 12.04 11.81 11.56 11.32 11.09 10.88 10.70 10.88 11.76 12.70 13.00 13.00 13.00 13.00 13.00 13.00 13.00 13.00 13.00 13.00 13.00 13.00 13.00 13.00 13.00 12.95 12.77 12.53 12.36 12.23 12.07 11.91 11.74 11.58 11.43 11.30 11.19 11.11 11.06 11.05 11.07 11.12 11.19 11.29 11.39 11.51 11.63 11.73 11.83 11.50 10.74 9.95 9.80 10.58 11.33 11.78 11.68 11.56 11.43 11.31 11.19 11.09 11.02 12.19 15.34 19.68 24.41 28.73 31.88 33.09 33.09 33.09 33.09 33.09 33.09 33.09 33.09 33.09 33.09 33.09 33.09 33.09 33.09 33.09 33.09 33.09 33.09 33.09 33.09 33.09 33.09 33.21 33.51 33.96 34.50 35.09 35.69 36.23 36.68 36.98 37.09
12.90 12.87 12.78 12.65 12.47 12.25 12.00 11.72 11.42 11.10 10.77 10.44 10.10 9.77 9.46 9.15 8.87 8.62 8.41 8.23 8.09 8.01 1.00 1.00 1.00 1.00 1.00 1.00 1.60 3.11 5.14 7.28 9.17 10.48 10.90 10.78 10.70 10.64 10.82 11.99 13.49 14.62 15.00 15.00 15.00 15.00 15.00 15.00 15.00 14.77 14.17 13.47 12.97 12.92 12.90 12.84 12.73 12.57 12.37 12.15 11.90 11.63 11.37 11.12 10.88 10.68 10.52 10.57 11.39 12.42 12.99 13.00 13.00 13.00 13.00 13.00 13.00 13.00 13.00 13.00 13.00 13.00 13.00 13.00 13.00 12.90 12.69 12.45 12.30 12.17 12.02 11.87 11.71 11.57 11.44 11.34 11.26 11.20 11.18 11.19 11.22 11.28 11.35 11.44 11.53 11.63 11.71 11.78 11.84 11.13 10.32 9.48 9.98 10.72 11.63 11.53 11.41 11.29 11.17 11.07 10.98 10.92 10.89 12.18 15.52 20.09 25.05 29.56 32.83 34.08 34.08 34.08 34.08 34.08 34.08 34.08 34.08 34.08 34.08 34.08 34.08 34.08 34.08 34.08 34.08 34.08 34.08 34.08 34.08 34.08 34.08 34.19 34.50 34.95 35.49 36.08 36.67 37.22 37.67 37.97 38.08
13.26 13.23 13.14 13.01 12.82 12.60 12.34 12.05 11.74 11.41 11.07 10.73 10.39 10.05 9.72 9.41 9.12 8.86 8.64 8.45 8.32 8.23 1.00 1.00 1.00 1.00 1.00 1.00 1.59 3.06 5.03 7.10 8.93 10.21 10.63 10.54 10.49 10.49 10.53 11.05 12.29 13.55 14.45 14.88 14.99 15.00 14.99 14.91 14.65 14.21 13.67 13.21 13.05 13.05 12.99 12.88 12.72 12.52 12.28 12.02 11.74 11.46 11.19 10.93 10.71 10.52 10.37 10.31 10.93 11.98 12.81 13.00 13.00 13.00 13.00 13.00 13.00 13.00 13.00 13.00 13.00 13.00 13.00 13.00 12.97 12.80 12.56 12.34 12.22 12.10 11.96 11.83 11.70 11.58 11.48 11.41 11.36 11.33 11.33 11.36 11.40 11.46 11.53 11.60 11.67 11.73 11.78 11.81 11.82 10.72 9.87 9.39 10.12 10.83 11.38 11.26 11.13 11.02 10.92 10.84 10.79 10.78 10.80 12.20 15.74 20.53 25.69 30.38 33.77 35.07 35.07 35.07 35.07 35.07 35.07 35.07 35.07 35.07 35.07 35.07 35.07 35.07 35.07 35.07 35.07 35.07 35.07 35.07 35.07 35.07 35.07 35.18 35.48 35.93 36.47 37.07 37.66 38.20 38.65 38.95 39.07
13.63 13.60 13.51 13.36 13.17 12.94 12.68 12.38 12.06 11.73 11.38 11.02 10.67 10.32 9.98 9.66 9.37 9.10 8.87 8.68 8.54 8.45 1.00 1.00 1.00 1.00 1.00 1.00 1.57 3.01 4.92 6.92 8.71 9.96 10.39 10.34 10.33 10.37 10.47 10.60 11.21 12.23 13.20 13.88 14.27 14.42 14.40 14.23 13.95 13.60 13.30 13.17 13.18 13.14 13.03 12.88 12.68 12.44 12.17 11.88 11.59 11.30 11.02 10.78 10.56 10.39 10.27 10.20 10.48 11.39 12.37 12.94 13.00 13.00 13.00 13.00 13.00 13.00 13.00 13.00 13.00 13.00 13.00 12.99 12.86 12.64 12.39 12.24 12.14 12.03 11.91 11.80 11.70 11.62 11.55 11.51 11.49 11.49 11.51 11.55 11.60 11.65 11.71 11.76 11.80 11.82 11.83 11.81 11.17 10.29 9.39 9.55 10.24 10.92 11.11 10.98 10.86 10.76 10.69 10.64 10.64 10.67 10.75 12.25 15.97 20.98 26.35 31.20 34.70 36.04 36.04 36.04 36.04 36.04 36.04 36.04 36.04 36.04 36.04 36.04 36.04 36.04 36.04 36.04 36.04 36.04 36.04 36.04 36.04 36.04 36.04 36.15 36.45 36.90 37.45 38.04 38.63 39.17 39.62 39.93 40.04
13.99 13.96 13.87 13.72 13.53 13.29 13.01 12.71 12.38 12.04 11.68 11.31 10.95 10.59 10.25 9.92 9.61 9.34 9.10 8.91 8.76 8.67 1.00 1.00 1.00 1.00 1.00 1.00 1.56 2.96 4.81 6.76 8.50 9.73 10.18 10.17 10.21 10.30 10.45 10.64 10.87 11.30 12.00 12.64 13.11 13.38 13.47 13.44 13.34 13.25 13.26 13.29 13.26 13.17 13.03 12.84 12.60 12.33 12.04 11.74 11.44 11.15 10.88 10.65 10.46 10.31 10.22 10.18 10.21 10.79 11.71 12.52 12.95 13.00 13.00 13.00 13.00 13.00 13.00 13.00 13.00 13.00 12.98 12.87 12.66 12.41 12.22 12.13 12.05 11.96 11.87 11.80 11.73 11.68 11.65 11.64 11.65 11.67 11.71 11.75 11.80 11.84 11.88 11.90 11.91 11.90 11.88 11.83 10.80 9.87 9.03 9.68 10.34 10.99 10.84 10.71 10.60 10.52 10.48 10.48 10.52 10.60 10.73 12.35 16.24 21.44 27.00 32.01 35.62 37.00 37.00 37.00 37.00 37.00 37.00 37.00 37.00 37.00 37.00 37.00 37.00 37.00 37.00 37.00 37.00 37.00 37.00 37.00 37.00 37.00 37.00 37.11 37.41 37.86 38.40 39.00 39.59 40.13 40.58 40.88 41.00
14.35 14.32 14.23 14.08 13.88 13.63 13.35 13.04 12.70 12.35 11.98 11.60 11.23 10.86 10.51 10.17 9.86 9.58 9.33 9.13 8.98 8.89 1.00 1.00 1.00 1.00 1.00 1.00 1.71 3.49 5.87 8.40 10.68 12.33 12.97 13.00 13.09 13.23 13.43 13.67 13.94 14.25 14.56 14.89 15.19 15.47 15.73 15.96 16.15 16.27 16.32 16.31 16.24 16.12 15.94 15.71 15.45 15.16 14.86 14.55 14.26 13.98 13.73 13.52 13.35 13.23 13.17 13.15 13.19 13.26 13.30 13.26 13.17 13.06 13.00 13.00 13.00 13.00 13.00 13.00 13.01 13.15 13.50 14.05 14.63 15.03 15.04 14.98 14.92 14.86 14.80 14.76 14.74 14.73 14.73 14.75 14.79 14.83 14.88 14.92 14.96 14.99 14.97 14.60 14.04 13.53 13.20 12.58 11.81 11.17 11.43 12.49 13.37 13.69 13.54 13.41 13.32 13.27 13.26 13.30 13.39 13.53 13.71 15.26 18.89 23.70 28.81 33.40 36.69 37.94 37.94 37.94 37.94 37.94 37.94 37.94 37.94 37.94 37.94 37.94 37.94 37.94 37.94 37.94 37.94 37.94 37.94 37.94 37.94 37.94 37.94 38.05 38.35 38.80 39.35 39.94 40.53 41.07 41.52 41.83 41.94
14.71 14.68 14.58 14.43 14.22 13.97 13.68 13.36 13.02 12.65 12.27 11.89 11.51 11.13 10.76 10.42 10.10 9.81 9.56 9.35 9.20 9.10 1.00 1.00 1.00 1.00 1.00 1.00 1.83 3.91 6.70 9.70 12.42 14.42 15.22 15.30 15.43 15.62 15.86 16.14 16.46 16.79 17.12 17.46 17.77 18.06 18.31 18.50 18.64 18.73 18.74 18.70 18.59 18.43 18.22 17.98 17.70 17.40 17.10 16.80 16.51 16.25 16.03 15.84 15.71 15.62 15.58 15.59 15.64 15.73 15.77 15.42 14.84 14.25 13.76 13.44 13.27 13.22 13.29 13.50 13.92 14.61 15.53 16.50 17.21 17.32 17.28 17.25 17.21 17.19 17.17 17.17 17.18 17.21 17.25 17.30 17.36 17.41 17.46 17.50 17.53 17.48 16.55 15.08 13.74 12.84 12.40 11.47 10.75 10.30 11.66 13.41 15.28 15.77 15.66 15.55 15.49 15.47 15.50 15.59 15.73 15.91 16.14 17.65 21.10 25.61 30.39 34.65 37.70 38.86 38.86 38.86 38.86 38.86 38.86 38.86 38.86 38.86 38.86 38.86 38.86 38.86 38.86 38.86 38.86 38.86 38.86 38.86 38.86 38.86 38.86 38.97 39.27 39.72 40.27 40.86 41.45 41.99 42.44 42.75 42.86
15.07 15.03 14.93 14.78 14.56 14.31 14.01 13.68 13.33 12.96 12.57 12.18 11.78 11.39 11.02 10.67 10.34 10.04 9.79 9.57 9.42 9.32 1.00 1.00 1.00 1.00 1.00 1.00 1.93 4.30 7.49 10.92 14.06 16.38 17.35 17.47 17.65 17.88 18.16 18.47 18.81 19.15 19.50 19.83 20.14 20.41 20.63 20.80 20.91 20.95 20.93 20.86 20.72 20.53 20.30 20.04 19.75 19.46 19.16 18.88 18.62 18.38 18.19 18.03 17.93 17.86 17.85 17.88 17.94 18.04 18.17 18.27 17.89 17.20 16.47 15.89 15.53 15.43 15.61 16.08 16.83 17.77 18.73 19.35 19.38 19.37 19.35 19.34 19.35 19.36 19.38 19.42 19.48 19.54 19.61 19.69 19.76 19.82 19.87 19.89 19.89 18.85 16.41 13.97 12.42 12.00 11.67 10.85 10.04 9.77 10.93 12.96 15.35 17.01 17.63 17.54 17.51 17.53 17.61 17.74 17.93 18.16 18.43 19.90 23.16 27.41 31.87 35.85 38.68 39.76 39.76 39.76 39.76 39.76 39.76 39.76 39.76 39.76 39.76 39.76 39.76 39.76 39.76 39.76 39.76 39.76 39.76 39.76 39.76 39.76 39.76 39.87 40.17 40.62 41.16 41.76 42.35 42.89 43.34 43.64 43.76
15.42 15.39 15.28 15.12 14.90 14.64 14.34 14.00 13.64 13.26 12.86 12.46 12.05 11.66 11.27 10.91 10.57 10.27 10.01 9.79 9.63 9.53 1.00 1.00 1.00 1.00 1.00 1.00 2.04 4.68 8.24 12.10 15.65 18.30 19.41 19.58 19.80 20.07 20.37 20.71 21.06 21.41 21.76 22.08 22.37 22.61 22.80 22.94 23.01 23.02 22.97 22.86 22.69 22.49 22.25 21.98 21.70 21.41 21.14 20.88 20.64 20.44 20.28 20.16 20.08 20.04 20.05 20.09 20.16 20.26 20.38 20.51 20.64 20.67 20.35 19.93 19.63 19.55 19.74 20.17 20.73 21.20 21.31 21.31 21.31 21.31 21.33 21.35 21.39 21.44 21.51 21.59 21.68 21.78 21.88 21.97 22.05 22.11 22.15 22.15 21.79 18.96 15.23 12.54 12.00 12.00 11.33 10.52 9.70 10.11 10.92 12.44 14.52 17.28 19.27 19.47 19.47 19.53 19.65 19.83 20.06 20.33 20.64 22.07 25.15 29.13 33.30 36.99 39.63 40.62 40.62 40.62 40.62 40.62 40.62 40.62 40.62 40.62 40.62 40.62 40.62 40.62 40.62 40.62 40.62 40.62 40.62 40.62 40.62 40.62 40.62 40.74 41.04 41.49 42.03 42.62 43.22 43.76 44.21 44.51 44.62
15.77 15.73 15.63 15.46 15.24 14.97 14.66 14.32 13.95 13.55 13.15 12.74 12.32 11.92 11.52 11.15 10.81 10.50 10.23 10.01 9.84 9.74 1.00 1.00 1.00 1.00 1.00 1.00 2.23 5.35 9.60 14.21 18.47 21.66 23.01 23.21 23.47 23.76 24.09 24.44 24.79 25.14 25.47 25.77 26.03 26.24 26.40 26.50 26.53 26.51 26.43 26.29 26.12 25.90 25.66 25.39 25.13 24.86 24.61 24.38 24.18 24.02 23.89 23.80 23.75 23.73 23.75 23.80 23.87 23.96 24.06 24.17 24.27 24.37 24.45 24.53 24.58 24.63 24.66 24.67 24.68 24.69 24.69 24.70 24.72 24.75 24.80 24.86 24.94 25.03 25.14 25.26 25.38 25.51 25.62 25.73 25.81 25.86 25.88 25.86 24.30 19.29 14.16 12.00 12.00 12.00 12.00 12.00 12.00 12.00 12.00 12.00 13.78 17.86 21.74 22.92 22.96 23.06 23.23 23.45 23.71 24.02 24.36 25.64 28.32 31.73 35.28 38.40 40.62 41.46 41.46 41.46 41.46 41.46 41.46 41.46 41.46 41.46 41.46 41.46 41.46 41.46 41.46 41.46 41.46 41.46 41.46 41.46 41.46 41.46 41.46 41.57 41.88 42.33 42.87 43.46 44.05 44.60 45.05 45.35 45.46
16.11 16.08 15.97 15.80 15.57 15.30 14.98 14.63 14.25 13.85 13.43 13.01 12.59 12.17 11.77 11.39 11.04 10.72 10.45 10.22 10.05 9.95 1.00 1.00 1.00 1.00 1.00 1.00 2.49 6.29 11.47 17.12 22.36 26.27 27.93 28.16 28.44 28.76 29.09 29.44 29.79 30.12 30.43 30.70 30.93 31.10 31.22 31.28 31.28 31.23 31.12 30.97 30.78 30.57 30.33 30.09 29.84 29.61 29.39 29.20 29.03 28.90 28.81 28.75 28.72 28.72 28.75 28.80 28.87 28.94 29.02 29.09 29.16 29.22 29.27 29.30 29.32 29.34 29.34 29.34 29.34 29.34 29.36 29.38 29.42 29.48 29.57 29.67 29.79 29.92 30.07 30.22 30.37 30.51 30.64 30.75 30.82 30.86 30.86 30.81 27.47 19.96 13.43 12.00 12.00 12.00 12.00 12.00 12.00 12.00 12.00 12.00 13.23 18.74 24.95 27.70 27.78 27.92 28.12 28.38 28.68 29.01 29.36 30.42 32.49 35.08 37.72 40.03 41.65 42.27 42.27 42.27 42.27 42.27 42.27 42.27 42.27 42.27 42.27 42.27 42.27 42.27 42.27 42.27 42.27 42.27 42.27 42.27 42.27 42.27 42.27 42.38 42.68 43.13 43.67 44.27 44.86 45.40 45.85 46.15 46.27
16.45 16.41 16.30 16.13 15.90 15.62 15.29 14.93 14.55 14.14 13.71 13.28 12.85 12.43 12.02 11.63 11.27 10.94 10.66 10.43 10.26 10.15 1.00 1.00 1.00 1.00 1.00 1.00 2.67 6.97 12.83 19.24 25.18 29.63 31.52 31.77 32.07 32.39 32.72 33.06 33.39 33.70 33.97 34.21 34.40 34.53 34.61 34.64 34.61 34.53 34.40 34.24 34.05 33.85 33.63 33.41 33.19 32.99 32.81 32.66 32.54 32.44 32.38 32.35 32.34 32.35 32.38 32.43 32.48 32.53 32.57 32.62 32.65 32.67 32.67 32.67 32.66 32.65 32.63 32.62 32.61 32.62 32.65 32.70 32.77 32.86 32.98 33.12 33.28 33.45 33.63 33.81 33.98 34.13 34.27 34.37 34.43 34.45 34.42 34.34 29.81 20.67 13.21 12.00 12.00 12.00 12.00 12.00 12.00 12.00 12.00 12.00 13.06 19.52 27.31 31.15 31.27 31.45 31.68 31.96 32.28 32.63 32.99 33.88 35.54 37.56 39.59 41.35 42.57 43.03 43.03 43.03 43.03 43.03 43.03 43.03 43.03 43.03 43.03 43.03 43.03 43.03 43.03 43.03 43.03 43.03 43.03 43.03 43.03 43.03 43.03 43.14 43.45 43.90 44.44 45.03 45.62 46.17 46.62 46.92 47.03
16.79 16.75 16.64 16.46 16.22 15.93 15.60 15.24 14.84 14.42 13.99 13.55 13.11 12.68 12.26 11.86 11.49 11.16 10.88 10.64 10.46 10.35 1.00 1.00 1.00 1.00 1.00 1.00 2.77 7.34 13.58 20.41 26.76 31.52 33.54 33.81 34.11 34.43 34.75 35.07 35.37 35.65 35.88 36.08 36.22 36.32 36.36 36.35 36.29 36.20 36.06 35.90 35.72 35.53 35.33 35.15 34.97 34.81 34.67 34.56 34.48 34.42 34.39 34.37 34.38 34.40 34.42 34.45 34.48 34.51 34.52 34.52 34.51 34.49 34.46 34.43 34.39 34.35 34.32 34.31 34.30 34.32 34.37 34.44 34.54 34.67 34.83 35.00 35.19 35.40 35.60 35.80 35.98 36.15 36.27 36.36 36.41 36.40 36.34 36.23 31.88 22.22 13.84 12.00 12.00 12.00 12.00 12.00 12.00 12.00 12.00 12.00 13.63 20.97 29.32 33.05 33.21 33.42 33.68 33.99 34.32 34.67 35.02 35.83 37.29 39.04 40.79 42.30 43.36 43.76 43.76 43.76 43.76 43.76 43.76 43.76 43.76 43.76 43.76 43.76 43.76 43.76 43.76 43.76 43.76 43.76 43.76 43.76 43.76 43.76 43.76 43.87 44.17 44.62 45.16 45.76 46.35 46.89 47.34 47.64 47.76
17.11 17.08 16.96 16.78 16.54 16.25 15.91 15.53 15.13 14.70 14.26 13.81 13.36 12.92 12.49 12.09 11.71 11.38 11.08 10.84 10.66 10.55 1.00 1.00 1.00 1.00 1.00 1.00 2.88 7.71 14.33 21.60 28.36 33.42 35.57 35.84 36.14 36.44 36.74 37.03 37.29 37.52 37.72 37.87 37.97 38.02 38.03 37.99 37.92 37.81 37.67 37.52 37.35 37.19 37.02 36.87 36.74 36.62 36.53 36.46 36.41 36.39 36.38 36.38 36.39 36.41 36.43 36.44 36.44 36.43 36.41 36.37 36.32 36.27 36.20 36.14 36.08 36.02 35.99 35.97 35.98 36.01 36.08 36.18 36.32 36.48 36.67 36.87 37.10 37.32 37.55 37.76 37.95 38.10 38.22 38.29 38.31 38.27 38.18 38.03 35.01 25.61 16.04 12.00 12.00 12.00 12.00 12.00 12.00 12.00 12.00 12.00 15.64 24.12 32.35 34.98 35.17 35.40 35.68 36.00 36.33 36.67 37.01 37.72 38.97 40.46 41.93 43.21 44.10 44.43 44.43 44.43 44.43 44.43 44.43 44.43 44.43 44.43 44.43 44.43 44.43 44.43 44.43 44.43 44.43 44.43 44.43 44.43 44.43 44.43 44.43 44.55 44.85 45.30 45.84 46.43 47.03 47.57 48.02 48.32 48.43
17.44 17.40 17.28 17.10 16.85 16.55 16.21 15.83 15.41 14.98 14.53 14.07 13.61 13.16 12.73 12.31 11.93 11.59 11.29 11.04 10.86 10.74 1.00 1.00 1.00 1.00 1.00 1.00 2.98 8.09 15.10 22.80 29.96 35.32 37.58 37.85 38.13 38.41 38.68 38.93 39.15 39.33 39.48 39.58 39.64 39.66 39.63 39.57 39.48 39.37 39.24 39.10 38.96 38.83 38.70 38.60 38.51 38.43 38.38 38.35 38.34 38.34 38.35 38.36 38.38 38.38 38.38 38.37 38.34 38.30 38.24 38.17 38.08 37.99 37.90 37.81 37.73 37.67 37.63 37.62 37.65 37.70 37.80 37.93 38.09 38.29 38.50 38.74 38.98 39.23 39.46 39.67 39.86 40.00 40.10 40.14 40.13 40.07 39.94 39.76 38.61 30.86 20.73 13.48 12.00 12.00 12.00 12.00 12.00 12.00 12.00 13.37 19.97 29.06 35.93 36.92 37.13 37.39 37.68 37.99 38.32 38.64 38.95 39.56 40.59 41.81 43.02 44.05 44.79 45.07 45.07 45.07 45.07 45.07 45.07 45.07 45.07 45.07 45.07 45.07 45.07 45.07 45.07 45.07 45.07 45.07 45.07 45.07 45.07 45.07 45.07 45.18 45.48 45.93 46.47 47.07 47.66 48.20 48.65 48.95 49.07
17.75 17.71 17.59 17.41 17.16 16.85 16.50 16.11 15.69 15.25 14.79 14.32 13.86 13.40 12.95 12.53 12.15 11.79 11.49 11.24 11.05 10.93 1.00 1.00 1.00 1.00 1.00 1.00 3.08 8.47 15.87 24.00 31.56 37.21 39.58 39.83 40.09 40.33 40.56 40.77 40.94 41.08 41.17 41.23 41.25 41.23 41.18 41.10 41.01 40.90 40.79 40.67 40.56 40.47 40.38 40.32 40.27 40.25 40.24 40.24 40.26 40.28 40.30 40.31 40.32 40.32 40.29 40.25 40.19 40.12 40.02 39.91 39.80 39.68 39.56 39.46 39.37 39.31 39.28 39.28 39.32 39.40 39.52 39.68 39.87 40.10 40.34 40.59 40.85 41.10 41.34 41.54 41.71 41.84 41.91 41.93 41.88 41.78 41.63 41.42 41.17 37.14 28.15 19.22 13.55 12.00 12.00 12.00 12.00 12.00 13.47 18.77 26.98 35.12 38.70 38.88 39.11 39.38 39.67 39.97 40.27 40.56 40.84 41.33 42.15 43.10 44.04 44.85 45.42 45.64 45.64 45.64 45.64 45.64 45.64 45.64 45.64 45.64 45.64 45.64 45.64 45.64 45.64 45.64 45.64 45.64 45.64 45.64 45.64 45.64 45.64 45.76 46.06 46.51 47.05 47.64 48.24 48.78 49.23 49.53 49.64
18.06 18.02 17.90 17.71 17.46 17.15 16.79 16.39 15.96 15.51 15.05 14.57 14.10 13.63 13.18 12.75 12.35 12.00 11.69 11.43 11.24 11.12 1.00 1.00 1.00 1.00 1.00 1.00 3.19 8.86 16.65 25.21 33.16 39.09 41.56 41.79 42.01 42.21 42.40 42.55 42.67 42.75 42.80 42.82 42.80 42.75 42.69 42.60 42.51 42.41 42.32 42.23 42.16 42.10 42.06 42.05 42.04 42.06 42.08 42.12 42.16 42.19 42.22 42.23 42.23 42.20 42.16 42.09 42.00 41.89 41.76 41.62 41.48 41.34 41.21 41.09 41.01 40.95 40.93 40.95 41.01 41.12 41.26 41.45 41.67 41.91 42.17 42.44 42.70 42.95 43.17 43.36 43.51 43.61 43.65 43.63 43.56 43.43 43.24 43.01 42.74 42.19 36.89 28.86 21.55 16.66 14.25 13.59 14.22 16.53 21.18 28.02 35.45 40.25 40.65 40.85 41.09 41.36 41.63 41.91 42.19 42.44 42.67 43.05 43.64 44.33 45.00 45.58 46.00 46.17 46.17 46.17 46.17 46.17 46.17 46.17 46.17 46.17 46.17 46.17 46.17 46.17 46.17 46.17 46.17 46.17 46.17 46.17 46.17 46.17 46.17 46.28 46.58 47.03 47.58 48.17 48.76 49.30 49.75 50.06 50.17
18.37 18.32 18.20 18.01 17.75 17.43 17.07 16.67 16.23 15.77 15.30 14.81 14.33 13.86 13.40 12.96 12.56 12.19 11.88 11.62 11.43 11.30 1.00 1.00 1.00 1.00 1.00 1.00 3.30 9.24 17.43 26.41 34.75 40.96 43.51 43.70 43.88 44.04 44.17 44.27 44.34 44.38 44.38 44.36 44.31 44.24 44.16 44.08 43.99 43.91 43.84 43.79 43.76 43.74 43.75 43.78 43.81 43.87 43.92 43.98 44.03 44.08 44.10 44.11 44.09 44.04 43.97 43.87 43.75 43.61 43.45 43.29 43.13 42.97 42.84 42.72 42.64 42.59 42.59 42.63 42.72 42.85 43.02 43.23 43.46 43.72 43.99 44.26 44.52 44.75 44.96 45.12 45.24 45.31 45.32 45.27 45.16 45.00 44.80 44.55 44.27 43.98 43.40 39.31 33.51 28.39 25.11 23.97 24.98 28.06 32.88 38.30 42.04 42.44 42.62 42.83 43.07 43.32 43.58 43.83 44.06 44.27 44.45 44.70 45.08 45.49 45.90 46.26 46.53 46.63 46.63 46.63 46.63 46.63 46.63 46.63 46.63 46.63 46.63 46.63 46.63 46.63 46.63 46.63 46.63 46.63 46.63 46.63 46.63 46.63 46.63 46.75 47.05 47.50 48.04 48.63 49.23 49.77 50.22 50.52 50.63
18.66 18.62 18.50 18.30 18.03 17.71 17.34 16.93 16.49 16.03 15.54 15.05 14.56 14.08 13.61 13.17 12.76 12.39 12.07 11.80 11.61 11.48 1.00 1.00 1.00 1.00 1.00 1.00 3.41 9.64 18.21 27.61 36.33 42.80 45.42 45.58 45.71 45.82 45.90 45.95 45.96 45.95 45.91 45.85 45.78 45.70 45.61 45.54 45.47 45.41 45.37 45.36 45.37 45.40 45.44 45.51 45.58 45.66 45.75 45.82 45.88 45.92 45.94 45.94 45.90 45.83 45.73 45.60 45.45 45.29 45.11 44.93 44.76 44.60 44.46 44.35 44.28 44.26 44.27 44.34 44.45 44.60 44.79 45.02 45.27 45.53 45.80 46.06 46.30 46.52 46.69 46.83 46.91 46.94 46.92 46.84 46.70 46.52 46.30 46.04 45.77 45.48 45.20 44.92 43.57 40.90 38.66 37.77 38.48 40.52 42.97 44.12 44.24 44.40 44.59 44.80 45.03 45.26 45.49 45.70 45.89 46.05 46.17 46.30 46.45 46.59 46.74 46.87 46.99 47.04 47.04 47.04 47.04 47.04 47.04 47.04 47.04 47.04 47.04 47.04 47.04 47.04 47.04 47.04 47.04 47.04 47.04 47.04 47.04 47.04 47.04 47.15 47.45 47.90 48.44 49.04 49.63 50.17 50.62 50.92 51.04
18.95 18.91 18.78 18.58 18.31 17.99 17.61 17.20 16.75 16.27 15.78 15.28 14.78 14.29 13.82 13.37 12.95 12.58 12.25 11.98 11.78 11.66 1.00 1.00 1.00 1.00 1.00 1.00 3.51 10.03 18.98 28.81 37.89 44.61 47.30 47.41 47.49 47.55 47.57 47.56 47.53 47.48 47.40 47.32 47.23 47.14 47.06 46.99 46.94 46.92 46.92 46.94 46.99 47.05 47.14 47.24 47.34 47.45 47.55 47.63 47.69 47.73 47.74 47.71 47.66 47.56 47.44 47.29 47.12 46.93 46.74 46.55 46.38 46.22 46.09 46.00 45.95 45.94 45.98 46.07 46.20 46.37 46.58 46.82 47.07 47.33 47.58 47.82 48.04 48.23 48.37 48.47 48.52 48.51 48.45 48.34 48.18 47.98 47.75 47.50 47.23 46.97 46.71 46.48 46.27 46.10 45.97 45.89 45.86 45.88 45.94 46.05 46.19 46.37 46.56 46.77 46.97 47.18 47.36 47.53 47.66 47.77 47.83 47.86 47.85 47.82 47.75 47.66 47.55 47.43 47.37 47.37 47.37 47.37 47.37 47.37 47.37 47.37 47.37 47.37 47.37 47.37 47.37 47.37 47.37 47.41 47.45 47.46 47.45 47.41 47.37 47.49 47.79 48.24 48.78 49.37 49.97 50.51 50.96 51.26 51.37
19.23 19.19 19.06 18.85 18.58 18.25 17.87 17.45 16.99 16.51 16.01 15.51 15.00 14.50 14.02 13.56 13.14 12.76 12.43 12.16 11.95 11.82 1.00 1.00 1.00 1.00 1.00 1.00 3.62 10.41 19.75 29.98 39.42 46.38 49.13 49.19 49.22 49.22 49.19 49.14 49.06 48.97 48.87 48.77 48.67 48.58 48.51 48.46 48.43 48.44 48.47 48.53 48.61 48.72 48.84 48.96 49.09 49.21 49.32 49.41 49.47 49.49 49.49 49.44 49.36 49.25 49.10 48.93 48.75 48.55 48.35 48.17 47.99 47.85 47.74 47.66 47.64 47.65 47.72 47.83 47.98 48.16 48.38 48.61 48.86 49.11 49.34 49.56 49.74 49.89 50.00 50.05 50.06 50.01 49.92 49.78 49.61 49.40 49.17 48.93 48.68 48.45 48.23 48.04 47.89 47.77 47.70 47.67 47.69 47.75 47.86 47.99 48.15 48.33 48.52 48.71 48.89 49.05 49.19 49.31 49.39 49.43 49.44 49.42 49.36 49.28 49.18 49.06 48.94 48.82 48.71 48.61 48.53 48.48 48.45 48.45 48.48 48.54 48.61 48.71 48.81 48.91 49.02 49.11 49.19 49.24 49.27 49.26 49.23 49.16 49.07 48.95 48.81 48.65 49.05 49.64 50.23 50.78 51.23 51.53 51.64
19.50 19.46 19.33 19.12 18.84 18.51 18.12 17.69 17.23 16.74 16.24 15.72 15.21 14.70 14.21 13.75 13.32 12.94 12.60 12.33 12.12 11.99 1.00 1.00 1.00 1.00 1.00 1.00 3.73 10.80 20.51 31.14 40.92 48.11 50.91 50.92 50.90 50.85 50.77 50.67 50.56 50.44 50.32 50.20 50.10 50.02 49.96 49.94 49.94 49.98 50.04 50.14 50.25 50.39 50.53 50.68 50.82 50.95 51.06 51.14 51.19 51.20 51.18 51.12 51.02 50.88 50.72 50.54 50.35 50.15 49.95 49.77 49.62 49.49 49.40 49.35 49.35 49.39 49.48 49.61 49.77 49.97 50.18 50.41 50.64 50.86 51.07 51.25 51.39 51.50 51.56 51.57 51.54 51.46 51.33 51.18 50.99 50.78 50.56 50.34 50.13 49.93 49.76 49.63 49.53 49.47 49.45 49.48 49.55 49.65 49.78 49.94 50.11 50.29 50.46 50.62 50.77 50.89 50.98 51.04 51.06 51.05 51.00 50.93 50.83 50.71 50.58 50.45 50.33 50.21 50.11 50.04 49.99 49.98 49.99 50.04 50.11 50.21 50.32 50.45 50.57 50.70 50.81 50.91 50.98 51.03 51.04 51.01 50.95 50.86 50.74 50.60 50.44 50.27 50.09 49.93 50.43 50.97 51.42 51.73 51.84
19.77 19.72 19.59 19.38 19.10 18.76 18.37 17.93 17.46 16.97 16.45 15.93 15.41 14.90 14.40 13.93 13.50 13.11 12.77 12.49 12.28 12.15 1.00 1.00 1.00 1.00 1.00 1.00 3.84 11.18 21.26 32.27 42.39 49.79 52.64 52.60 52.53 52.43 52.31 52.18 52.04 51.89 51.76 51.64 51.54 51.47 51.44 51.43 51.47 51.53 51.63 51.75 51.90 52.06 52.22 52.38 52.53 52.66 52.76 52.83 52.87 52.86 52.82 52.74 52.62 52.47 52.30 52.12 51.92 51.73 51.55 51.39 51.25 51.15 51.09 51.07 51.09 51.16 51.27 51.41 51.58 51.78 51.98 52.19 52.40 52.59 52.76 52.89 52.99 53.05 53.06 53.03 52.96 52.85 52.70 52.53 52.34 52.14 51.94 51.75 51.58 51.43 51.31 51.23 51.19 51.19 51.24 51.31 51.42 51.56 51.72 51.88 52.06 52.22 52.37 52.50 52.61 52.68 52.71 52.71 52.68 52.61 52.52 52.40 52.26 52.12 51.97 51.83 51.71 51.61 51.53 51.49 51.47 51.50 51.55 51.64 51.75 51.88 52.03 52.18 52.33 52.46 52.58 52.67 52.73 52.76 52.75 52.71 52.63 52.52 52.38 52.22 52.04 51.86 51.69 51.52 51.38 51.27 51.54 51.85 51.96
20.02 19.97 19.84 19.63 19.34 19.00 18.60 18.16 17.69 17.18 16.66 16.14 15.61 15.09 14.59 14.11 13.67 13.27 12.93 12.65 12.43 12.30 1.00 1.00 1.00 1.00 1.00 1.00 3.94 11.55 21.99 33.37 43.81 51.42 54.33 54.24 54.12 53.98 53.83 53.66 53.50 53.34 53.20 53.09 53.00 52.95 52.93 52.96 53.02 53.11 53.23 53.38 53.55 53.72 53.89 54.05 54.20 54.32 54.42 54.47 54.49 54.47 54.41 54.31 54.18 54.03 53.86 53.67 53.49 53.31 53.15 53.01 52.91 52.84 52.80 52.81 52.86 52.95 53.07 53.23 53.40 53.58 53.77 53.96 54.13 54.28 54.40 54.49 54.54 54.54 54.51 54.44 54.33 54.19 54.03 53.85 53.67 53.49 53.32 53.16 53.04 52.94 52.89 52.87 52.89 52.95 53.04 53.16 53.31 53.47 53.65 53.82 53.98 54.12 54.25 54.34 54.39 54.41 54.40 54.34 54.25 54.13 53.99 53.84 53.67 53.51 53.35 53.22 53.10 53.02 52.97 52.95 52.98 53.04 53.13 53.25 53.40 53.56 53.73 53.89 54.05 54.19 54.31 54.39 54.44 54.45 54.42 54.36 54.26 54.13 53.97 53.80 53.62 53.45 53.28 53.13 53.00 52.90 52.85 52.83 52.85
20.26 20.22 20.08 19.87 19.58 19.23 18.83 18.38 17.90 17.39 16.87 16.33 15.80 15.27 14.76 14.28 13.83 13.43 13.08 12.80 12.58 12.45 1.00 1.00 1.00 1.00 1.00 1.00 4.04 11.92 22.70 34.44 45.19 53.01 55.96 55.83 55.68 55.50 55.32 55.13 54.96 54.80 54.66 54.55 54.48 54.45 54.46 54.50 54.59 54.70 54.85 55.01 55.19 55.37 55.54 55.70 55.84 55.95 56.02 56.06 56.06 56.02 55.95 55.84 55.70 55.55 55.38 55.21 55.05 54.89 54.76 54.65 54.58 54.55 54.55 54.58 54.66 54.77 54.90 55.05 55.22 55.38 55.55 55.70 55.83 55.93 56.00 56.03 56.03 55.99 55.91 55.80 55.66 55.50 55.33 55.16 54.99 54.83 54.70 54.59 54.52 54.48 54.48 54.53 54.61 54.72 54.86 55.02 55.20 55.38 55.56 55.73 55.87 55.99 56.08 56.13 56.13 56.10 56.03 55.92 55.78 55.62 55.44 55.26 55.07 54.90 54.74 54.61 54.51 54.45 54.43 54.45 54.51 54.60 54.73 54.88 55.05 55.23 55.41 55.59 55.75 55.88 55.99 56.06 56.09 56.09 56.04 55.96 55.84 55.70 55.54 55.37 55.19 55.02 54.87 54.74 54.63 54.56 54.53 54.53 54.57
20.50 20.45 20.31 20.09 19.80 19.45 19.05 18.59 18.11 17.59 17.06 16.52 15.98 15.45 14.93 14.44 13.99 13.59 13.23 12.94 12.72 12.59 1.00 1.00 1.00 1.00 1.00 1.00 4.15 12.27 23.39 35.48 46.54 54.55 57.56 57.39 57.20 57.00 56.80 56.60 56.42 56.26 56.13 56.04 55.99 55.97 56.00 56.07 56.18 56.31 56.47 56.64 56.82 57.00 57.17 57.31 57.43 57.53 57.58 57.60 57.58 57.53 57.44 57.33 57.19 57.05 56.89 56.74 56.60 56.48 56.39 56.32 56.28 56.28 56.31 56.38 56.48 56.59 56.73 56.88 57.02 57.17 57.30 57.40 57.49 57.53 57.55 57.53 57.47 57.38 57.26 57.12 56.96 56.79 56.62 56.46 56.31 56.19 56.10 56.04 56.02 56.05 56.11 56.21 56.35 56.51 56.69 56.88 57.08 57.27 57.45 57.61 57.73 57.81 57.86 57.86 57.82 57.74 57.61 57.46 57.28 57.08 56.87 56.67 56.47 56.29 56.14 56.03 55.95 55.91 55.92 55.97 56.06 56.18 56.34 56.51 56.70 56.89 57.08 57.26 57.41 57.54 57.63 57.68 57.69 57.67 57.61 57.51 57.39 57.24 57.08 56.92 56.76 56.61 56.47 56.37 56.29 56.25 56.24 56.27 56.33
20.72 20.67 20.54 20.31 20.02 19.66 19.25 18.80 18.30 17.78 17.25 16.70 16.15 15.61 15.09 14.60 14.14 13.73 13.38 13.08 12.86 12.72 1.00 1.00 1.00 1.00 1.00 1.00 4.24 12.62 24.06 36.49 47.84 56.05 59.11 58.91 58.70 58.49 58.27 58.07 57.89 57.74 57.63 57.55 57.52 57.53 57.58 57.67 57.79 57.93 58.10 58.27 58.44 58.61 58.76 58.89 58.99 59.06 59.09 59.09 59.05 58.99 58.90 58.79 58.66 58.53 58.40 58.28 58.17 58.09 58.03 58.00 58.01 58.04 58.11 58.20 58.31 58.43 58.56 58.69 58.82 58.93 59.01 59.07 59.10 59.09 59.05 58.97 58.87 58.73 58.58 58.41 58.23 58.06 57.90 57.76 57.64 57.56 57.52 57.52 57.56 57.64 57.76 57.92 58.10 58.31 58.52 58.74 58.95 59.14 59.31 59.44 59.54 59.59 59.59 59.54 59.46 59.32 59.16 58.96 58.75 58.52 58.29 58.08 57.88 57.70 57.56 57.47 57.41 57.40 57.44 57.51 57.63 57.78 57.95 58.14 58.34 58.54 58.72 58.89 59.03 59.14 59.21 59.25 59.25 59.21 59.13 59.03 58.90 58.76 58.61 58.46 58.32 58.20 58.09 58.02 57.97 57.96 57.97 58.02 58.10
20.94 20.89 20.75 20.52 20.23 19.87 19.45 18.99 18.49 17.97 17.42 16.87 16.32 15.77 15.25 14.75 14.29 13.87 13.51 13.21 12.99 12.85 1.00 1.00 1.00 1.00 1.00 1.00 4.34 12.95 24.70 37.47 49.10 57.52 60.63 60.42 60.19 59.96 59.75 59.55 59.39 59.25 59.15 59.10 59.09 59.11 59.18 59.28 59.41 59.55 59.71 59.88 60.04 60.19 60.31 60.42 60.49 60.54 60.55 60.53 60.49 60.41 60.32 60.22 60.11 60.00 59.90 59.82 59.75 59.71 59.70 59.71 59.76 59.82 59.91 60.02 60.14 60.26 60.38 60.49 60.58 60.65 60.69 60.70 60.67 60.60 60.50 60.38 60.22 60.05 59.87 59.68 59.50 59.33 59.18 59.07 58.99 58.96 58.97 59.02 59.12 59.26 59.44 59.64 59.87 60.11 60.35 60.58 60.79 60.98 61.13 61.23 61.29 61.30 61.26 61.18 61.04 60.87 60.66 60.44 60.19 59.95 59.71 59.49 59.30 59.14 59.01 58.94 58.91 58.92 58.98 59.09 59.22 59.39 59.57 59.77 59.97 60.16 60.33 60.48 60.61 60.70 60.75 60.77 60.75 60.70 60.62 60.51 60.39 60.27 60.13 60.01 59.90 59.80 59.73 59.69 59.67 59.69 59.73 59.80 59.88
21.14 21.09 20.95 20.72 20.42 20.06 19.64 19.17 18.67 18.14 17.59 17.03 16.47 15.92 15.39 14.89 14.42 14.00 13.64 13.34 13.11 12.97 1.00 1.00 1.00 1.00 1.00 1.00 4.43 13.27 25.33 38.42 50.34 58.95 62.13 61.90 61.67 61.45 61.24 61.05 60.90 60.79 60.71 60.67 60.68 60.72 60.80 60.91 61.03 61.17 61.32 61.47 61.61 61.73 61.83 61.91 61.96 61.98 61.97 61.94 61.88 61.81 61.73 61.64 61.55 61.48 61.42 61.37 61.35 61.36 61.39 61.45 61.52 61.62 61.74 61.85 61.97 62.09 62.19 62.27 62.32 62.34 62.32 62.27 62.19 62.07 61.92 61.74 61.54 61.34 61.14 60.94 60.76 60.61 60.49 60.41 60.37 60.39 60.45 60.56 60.71 60.91 61.13 61.38 61.64 61.90 62.16 62.39 62.60 62.77 62.90 62.97 63.00 62.97 62.88 62.75 62.58 62.37 62.14 61.89 61.63 61.38 61.14 60.92 60.74 60.60 60.50 60.44 60.44 60.48 60.56 60.68 60.83 61.00 61.19 61.38 61.57 61.75 61.90 62.04 62.14 62.21 62.24 62.24 62.21 62.15 62.07 61.98 61.87 61.76 61.66 61.56 61.48 61.43 61.39 61.39 61.40 61.44 61.50 61.58 61.67
21.33 21.28 21.14 20.91 20.61 20.24 19.82 19.34 18.84 18.30 17.75 17.18 16.62 16.06 15.53 15.02 14.55 14.13 13.76 13.46 13.23 13.09 1.00 1.00 1.00 1.00 1.00 1.00 4.43 13.28 25.33 38.40 50.30 58.88 62.05 61.82 61.60 61.38 61.19 61.02 60.89 60.80 60.74 60.72 60.74 60.80 60.88 60.98 61.10 61.23 61.36 61.48 61.59 61.69 61.76 61.80 61.82 61.82 61.80 61.75 61.70 61.63 61.56 61.50 61.45 61.41 61.39 61.39 61.42 61.47 61.55 61.64 61.76 61.88 62.01 62.13 62.24 62.34 62.41 62.45 62.46 62.43 62.36 62.25 62.11 61.93 61.73 61.52 61.29 61.06 60.84 60.65 60.48 60.35 60.26 60.22 60.23 60.30 60.41 60.58 60.78 61.02 61.29 61.57 61.85 62.13 62.39 62.62 62.81 62.96 63.06 63.10 63.09 63.02 62.90 62.73 62.53 62.29 62.04 61.77 61.51 61.25 61.02 60.82 60.66 60.53 60.46 60.43 60.44 60.50 60.60 60.73 60.89 61.06 61.24 61.42 61.59 61.75 61.88 61.99 62.07 62.12 62.13 62.12 62.08 62.03 61.95 61.87 61.78 61.70 61.63 61.57 61.53 61.52 61.52 61.55 61.60 61.66 61.74 61.82 61.90
21.51 21.46 21.31 21.08 20.78 20.41 19.98 19.51 18.99 18.45 17.90 17.33 16.76 16.20 15.66 15.15 14.67 14.24 13.87 13.57 13.34 13.20 1.00 1.00 1.00 1.00 1.00 1.00 4.43 13.27 25.31 38.36 50.24 58.81 61.98 61.76 61.54 61.35 61.17 61.03 60.92 60.85 60.81 60.81 60.84 60.90 60.98 61.07 61.18 61.28 61.39 61.48 61.55 61.61 61.65 61.67 61.66 61.64 61.60 61.55 61.50 61.45 61.40 61.37 61.35 61.36 61.39 61.44 61.52 61.61 61.73 61.86 62.00 62.14 62.28 62.40 62.50 62.57 62.61 62.61 62.56 62.48 62.36 62.19 62.00 61.77 61.53 61.28 61.03 60.79 60.57 60.38 60.23 60.13 60.07 60.08 60.14 60.25 60.42 60.63 60.88 61.16 61.46 61.76 62.06 62.34 62.59 62.81 62.98 63.11 63.17 63.18 63.13 63.03 62.87 62.68 62.45 62.20 61.93 61.66 61.40 61.16 60.94 60.76 60.61 60.52 60.46 60.45 60.49 60.56 60.67 60.80 60.96 61.12 61.28 61.45 61.59 61.72 61.83 61.91 61.97 62.00 62.00 61.98 61.94 61.88 61.82 61.76 61.71 61.66 61.62 61.61 61.61 61.63 61.68 61.74 61.81 61.89 61.98 62.06 62.13
21.67 21.62 21.48 21.25 20.94 20.57 20.14 19.66 19.14 18.60 18.03 17.46 16.89 16.32 15.78 15.26 14.78 14.35 13.98 13.67 13.44 13.30 1.00 1.00 1.00 1.00 1.00 1.00 4.43 13.26 25.29 38.31 50.17 58.74 61.91 61.71 61.51 61.34 61.19 61.07 60.99 60.94 60.92 60.93 60.96 61.02 61.09 61.17 61.25 61.32 61.39 61.45 61.49 61.51 61.51 61.50 61.47 61.44 61.39 61.35 61.30 61.27 61.26 61.26 61.29 61.34 61.42 61.52 61.64 61.78 61.94 62.10 62.26 62.41 62.55 62.65 62.73 62.77 62.77 62.72 62.63 62.49 62.31 62.10 61.85 61.59 61.31 61.04 60.77 60.53 60.31 60.14 60.02 59.95 59.94 59.99 60.09 60.25 60.47 60.72 61.01 61.31 61.63 61.95 62.25 62.53 62.77 62.97 63.11 63.20 63.23 63.21 63.13 62.99 62.81 62.60 62.35 62.09 61.83 61.56 61.31 61.09 60.89 60.73 60.61 60.54 60.51 60.52 60.57 60.65 60.76 60.89 61.03 61.17 61.32 61.45 61.57 61.67 61.75 61.80 61.84 61.85 61.84 61.81 61.78 61.74 61.70 61.67 61.64 61.63 61.64 61.67 61.72 61.78 61.86 61.95 62.04 62.14 62.22 62.30 62.35
21.83 21.78 21.63 21.40 21.09 20.71 20.28 19.80 19.28 18.73 18.16 17.58 17.01 16.44 15.89 15.37 14.89 14.45 14.08 13.77 13.54 13.39 1.00 1.00 1.00 1.00 1.00 1.00 4.43 13.24 25.25 38.26 50.10 58.67 61.86 61.67 61.51 61.36 61.24 61.15 61.09 61.05 61.05 61.06 61.10 61.14 61.20 61.25 61.30 61.35 61.38 61.39 61.40 61.38 61.35 61.32 61.27 61.22 61.18 61.14 61.12 61.11 61.13 61.18 61.25 61.35 61.48 61.63 61.79 61.98 62.16 62.34 62.52 62.67 62.80 62.89 62.94 62.94 62.89 62.80 62.65 62.46 62.23 61.97 61.69 61.39 61.09 60.80 60.53 60.29 60.09 59.94 59.85 59.82 59.85 59.94 60.09 60.30 60.55 60.84 61.15 61.48 61.80 62.12 62.42 62.68 62.90 63.07 63.19 63.25 63.25 63.19 63.08 62.92 62.73 62.50 62.25 61.99 61.73 61.48 61.25 61.05 60.88 60.75 60.66 60.60 60.59 60.61 60.67 60.75 60.86 60.97 61.09 61.22 61.33 61.43 61.52 61.59 61.64 61.67 61.68 61.67 61.66 61.64 61.61 61.59 61.58 61.58 61.60 61.64 61.69 61.76 61.85 61.95 62.06 62.17 62.28 62.38 62.46 62.52 62.55
21.97 21.92 21.77 21.54 21.23 20.85 20.41 19.93 19.40 18.85 18.28 17.70 17.12 16.54 15.99 15.47 14.98 14.55 14.17 13.86 13.62 13.47 1.00 1.00 1.00 1.00 1.00 1.00 4.42 13.22 25.21 38.20 50.04 58.61 61.82 61.67 61.53 61.41 61.32 61.26 61.22 61.20 61.20 61.22 61.24 61.27 61.30 61.33 61.34 61.35 61.34 61.31 61.28 61.23 61.17 61.11 61.06 61.00 60.96 60.94 60.95 60.97 61.03 61.12 61.24 61.39 61.57 61.76 61.97 62.18 62.39 62.59 62.76 62.91 63.02 63.09 63.10 63.06 62.97 62.83 62.63 62.40 62.12 61.82 61.50 61.18 60.87 60.57 60.31 60.08 59.91 59.79 59.73 59.74 59.82 59.95 60.14 60.38 60.66 60.98 61.30 61.64 61.97 62.28 62.56 62.80 62.99 63.13 63.22 63.25 63.21 63.13 63.00 62.82 62.62 62.39 62.14 61.90 61.65 61.43 61.22 61.05 60.91 60.80 60.73 60.70 60.71 60.74 60.79 60.87 60.96 61.06 61.15 61.24 61.32 61.39 61.44 61.48 61.50 61.50 61.50 61.49 61.47 61.46 61.46 61.46 61.48 61.52 61.58 61.66 61.76 61.88 62.01 62.14 62.28 62.40 62.52 62.62 62.69 62.72 62.72
22.10 22.05 21.90 21.66 21.35 20.97 20.53 20.04 19.51 18.96 18.38 17.80 17.21 16.64 16.08 15.56 15.07 14.63 14.25 13.94 13.70 13.55 1.00 1.00 1.00 1.00 1.00 1.00 4.41 13.20 25.16 38.14 49.98 58.57 61.81 61.68 61.58 61.50 61.44 61.39 61.37 61.36 61.36 61.37 61.38 61.39 61.39 61.38 61.36 61.32 61.27 61.21 61.14 61.06 60.98 60.91 60.84 60.79 60.77 60.77 60.80 60.87 60.97 61.10 61.27 61.46 61.68 61.92 62.16 62.39 62.62 62.82 62.99 63.13 63.21 63.24 63.22 63.14 63.00 62.81 62.57 62.29 61.98 61.65 61.31 60.98 60.66 60.37 60.12 59.92 59.77 59.69 59.67 59.72 59.83 60.01 60.23 60.50 60.80 61.13 61.46 61.79 62.11 62.40 62.66 62.87 63.04 63.15 63.20 63.19 63.14 63.03 62.88 62.70 62.49 62.27 62.04 61.81 61.60 61.40 61.23 61.08 60.97 60.89 60.85 60.83 60.84 60.88 60.93 60.99 61.06 61.13 61.19 61.25 61.29 61.32 61.34 61.34 61.34 61.32 61.31 61.29 61.29 61.29 61.31 61.35 61.41 61.49 61.59 61.72 61.86 62.02 62.18 62.34 62.49 62.63 62.75 62.83 62.88 62.89 62.85
22.21 22.16 22.01 21.77 21.46 21.08 20.63 20.14 19.62 19.06 18.48 17.89 17.30 16.72 16.17 15.64 15.15 14.70 14.32 14.01 13.77 13.62 1.00 1.00 1.00 1.00 1.00 1.00 4.41 13.17 25.12 38.08 49.93 58.54 61.82 61.73 61.66 61.61 61.57 61.55 61.54 61.54 61.53 61.53 61.52 61.50 61.47 61.42 61.36 61.28 61.19 61.09 60.98 60.88 60.78 60.70 60.64 60.60 60.59 60.62 60.69 60.79 60.94 61.12 61.33 61.57 61.82 62.09 62.35 62.60 62.83 63.03 63.19 63.30 63.36 63.35 63.29 63.17 62.99 62.75 62.47 62.16 61.82 61.47 61.12 60.78 60.47 60.20 59.97 59.80 59.69 59.64 59.67 59.75 59.90 60.10 60.35 60.64 60.96 61.28 61.61 61.93 62.23 62.50 62.72 62.90 63.03 63.11 63.13 63.10 63.02 62.90 62.75 62.57 62.37 62.16 61.95 61.75 61.57 61.40 61.26 61.15 61.07 61.02 60.99 60.99 61.00 61.03 61.07 61.11 61.15 61.19 61.21 61.23 61.24 61.23 61.21 61.19 61.16 61.14 61.12 61.11 61.11 61.14 61.19 61.26 61.36 61.48 61.63 61.80 61.98 62.17 62.36 62.54 62.71 62.85 62.96 63.02 63.05 63.02 62.94
22.31 22.26 22.11 21.87 21.56 21.17 20.73 20.24 19.70 19.14 18.56 17.97 17.38 16.80 16.24 15.71 15.21 14.77 14.39 14.07 13.83 13.68 1.00 1.00 1.00 1.00 1.00 1.00 4.40 13.15 25.08 38.04 49.90 58.54 61.85 61.80 61.77 61.74 61.73 61.72 61.72 61.71 61.70 61.68 61.64 61.59 61.52 61.43 61.33 61.21 61.08 60.95 60.82 60.69 60.59 60.50 60.45 60.43 60.44 60.50 60.61 60.76 60.94 61.17 61.42 61.69 61.98 62.27 62.54 62.80 63.03 63.22 63.35 63.44 63.46 63.42 63.31 63.14 62.92 62.65 62.34 62.00 61.65 61.29 60.94 60.61 60.32 60.07 59.87 59.73 59.66 59.65 59.71 59.83 60.01 60.24 60.51 60.80 61.12 61.44 61.75 62.05 62.32 62.55 62.74 62.89 62.98 63.02 63.02 62.97 62.87 62.75 62.59 62.42 62.24 62.06 61.88 61.71 61.56 61.44 61.33 61.25 61.20 61.17 61.15 61.15 61.16 61.18 61.20 61.22 61.23 61.23 61.21 61.19 61.16 61.12 61.07 61.02 60.98 60.95 60.93 60.93 60.95 61.01 61.09 61.20 61.34 61.51 61.70 61.91 62.12 62.34 62.55 62.74 62.91 63.04 63.13 63.18 63.17 63.11 62.99
22.40 22.35 22.20 21.96 21.64 21.25 20.81 20.31 19.78 19.22 18.63 18.04 17.45 16.86 16.30 15.77 15.27 14.83 14.44 14.12 13.88 13.73 1.00 1.00 1.00 1.00 1.00 1.00 4.39 13.12 25.04 38.01 49.89 58.56 61.91 61.90 61.89 61.89 61.90 61.90 61.90 61.88 61.85 61.81 61.74 61.65 61.54 61.41 61.27 61.12 60.96 60.80 60.65 60.51 60.40 60.32 60.28 60.29 60.33 60.43 60.57 60.76 60.99 61.25 61.53 61.84 62.14 62.44 62.73 62.98 63.20 63.36 63.47 63.52 63.50 63.42 63.28 63.07 62.82 62.52 62.19 61.83 61.47 61.11 60.78 60.47 60.20 59.98 59.82 59.72 59.68 59.72 59.81 59.96 60.16 60.40 60.68 60.97 61.28 61.58 61.87 62.13 62.37 62.56 62.72 62.82 62.88 62.90 62.87 62.80 62.70 62.58 62.44 62.28 62.13 61.97 61.83 61.70 61.59 61.50 61.43 61.38 61.35 61.33 61.33 61.33 61.33 61.33 61.32 61.31 61.28 61.24 61.19 61.13 61.06 60.99 60.92 60.85 60.80 60.77 60.76 60.77 60.82 60.91 61.02 61.17 61.36 61.56 61.79 62.03 62.27 62.51 62.73 62.92 63.09 63.20 63.27 63.29 63.25 63.14 62.99
22.47 22.42 22.27 22.03 21.71 21.32 20.87 20.38 19.84 19.28 18.69 18.10 17.50 16.92 16.35 15.82 15.32 14.87 14.48 14.17 13.93 13.77 1.00 1.00 1.00 1.00 1.00 1.00 4.38 13.10 25.01 37.98 49.89 58.60 61.99 62.01 62.03 62.05 62.07 62.08 62.07 62.04 61.99 61.91 61.81 61.69 61.54 61.37 61.19 61.01 60.82 60.64 60.48 60.34 60.24 60.18 60.16 60.19 60.27 60.40 60.58 60.80 61.06 61.36 61.67 61.99 62.31 62.61 62.89 63.13 63.33 63.46 63.54 63.55 63.50 63.38 63.20 62.96 62.68 62.36 62.01 61.65 61.30 60.95 60.64 60.36 60.12 59.94 59.82 59.76 59.76 59.83 59.95 60.12 60.34 60.59 60.86 61.14 61.43 61.70 61.96 62.19 62.38 62.54 62.65 62.72 62.75 62.74 62.69 62.62 62.52 62.40 62.28 62.15 62.02 61.91 61.80 61.72 61.64 61.59 61.55 61.53 61.52 61.51 61.50 61.50 61.49 61.46 61.43 61.38 61.31 61.24 61.15 61.05 60.95 60.85 60.76 60.68 60.63 60.60 60.61 60.65 60.72 60.84 60.99 61.18 61.40 61.64 61.90 62.17 62.43 62.67 62.90 63.09 63.23 63.33 63.37 63.35 63.27 63.13 62.94
22.53 22.47 22.32 22.08 21.76 21.37 20.93 20.43 19.89 19.32 18.74 18.14 17.55 16.96 16.39 15.85 15.36 14.91 14.52 14.20 13.96 13.81 1.00 1.00 1.00 1.00 1.00 1.00 4.38 13.08 24.99 37.98 49.91 58.66 62.09 62.14 62.18 62.21 62.24 62.24 62.22 62.17 62.09 61.99 61.85 61.69 61.51 61.31 61.10 60.89 60.68 60.49 60.33 60.20 60.11 60.06 60.07 60.13 60.24 60.41 60.63 60.88 61.17 61.49 61.82 62.15 62.47 62.77 63.03 63.25 63.41 63.52 63.55 63.53 63.44 63.28 63.07 62.81 62.50 62.17 61.83 61.48 61.14 60.82 60.53 60.29 60.09 59.95 59.87 59.85 59.89 59.99 60.13 60.32 60.54 60.79 61.05 61.31 61.56 61.80 62.02 62.20 62.35 62.47 62.54 62.58 62.58 62.55 62.50 62.42 62.33 62.23 62.13 62.03 61.94 61.87 61.80 61.76 61.72 61.70 61.69 61.69 61.69 61.69 61.68 61.66 61.63 61.58 61.51 61.42 61.32 61.21 61.08 60.95 60.83 60.71 60.61 60.53 60.48 60.46 60.49 60.55 60.66 60.81 61.00 61.22 61.48 61.75 62.03 62.31 62.58 62.83 63.04 63.22 63.34 63.41 63.42 63.36 63.25 63.07 62.84
22.57 22.51 22.36 22.12 21.80 21.41 20.96 20.46 19.93 19.36 18.77 18.17 17.58 16.99 16.42 15.88 15.38 14.94 14.55 14.23 13.98 13.83 1.00 1.00 1.00 1.00 1.00 1.00 4.37 13.07 24.98 37.98 49.95 58.74 62.20 62.27 62.33 62.37 62.39 62.38 62.34 62.27 62.17 62.03 61.87 61.67 61.46 61.23 61.00 60.77 60.55 60.36 60.20 60.08 60.01 59.99 60.03 60.12 60.27 60.47 60.71 61.00 61.31 61.64 61.98 62.30 62.61 62.89 63.13 63.32 63.45 63.51 63.51 63.45 63.32 63.14 62.90 62.62 62.31 61.98 61.64 61.31 61.00 60.71 60.46 60.26 60.11 60.02 59.98 60.00 60.07 60.19 60.35 60.54 60.76 60.99 61.22 61.46 61.67 61.87 62.04 62.18 62.29 62.36 62.40 62.41 62.39 62.35 62.29 62.22 62.14 62.07 61.99 61.93 61.88 61.85 61.83 61.82 61.82 61.83 61.85 61.86 61.86 61.86 61.84 61.80 61.74 61.66 61.56 61.44 61.30 61.16 61.00 60.85 60.70 60.57 60.47 60.39 60.35 60.36 60.40 60.50 60.64 60.82 61.04 61.30 61.57 61.87 62.16 62.45 62.72 62.96 63.16 63.31 63.41 63.44 63.41 63.32 63.17 62.96 62.71
22.59 22.54 22.39 22.15 21.83 21.44 20.99 20.49 19.95 19.38 18.79 18.19 17.60 17.01 16.44 15.90 15.40 14.95 14.56 14.24 14.00 13.85 1.00 1.00 1.00 1.00 1.00 1.00 4.37 13.06 24.98 38.00 50.00 58.83 62.31 62.40 62.46 62.51 62.52 62.50 62.44 62.34 62.21 62.04 61.84 61.62 61.38 61.13 60.88 60.65 60.43 60.25 60.10 60.00 59.95 59.96 60.03 60.16 60.34 60.57 60.84 61.14 61.46 61.80 62.13 62.45 62.74 62.99 63.19 63.34 63.43 63.46 63.42 63.32 63.16 62.95 62.70 62.41 62.10 61.78 61.47 61.16 60.89 60.64 60.44 60.28 60.18 60.13 60.13 60.18 60.28 60.41 60.58 60.77 60.98 61.18 61.39 61.58 61.76 61.91 62.03 62.13 62.19 62.22 62.23 62.21 62.18 62.13 62.08 62.02 61.96 61.92 61.88 61.86 61.85 61.86 61.87 61.90 61.94 61.97 62.00 62.02 62.03 62.01 61.98 61.92 61.83 61.72 61.59 61.43 61.27 61.09 60.91 60.74 60.58 60.45 60.35 60.28 60.26 60.29 60.36 60.49 60.66 60.87 61.12 61.40 61.69 62.00 62.30 62.58 62.84 63.06 63.24 63.36 63.42 63.42 63.36 63.23 63.05 62.81 62.54
22.60 22.55 22.40 22.15 21.83 21.44 20.99 20.49 19.96 19.39 18.80 18.20 17.60 17.01 16.44 15.91 15.41 14.96 14.57 14.25 14.00 13.85 1.00 1.00 1.00 1.00 1.00 1.00 4.36 13.06 24.99 38.03 50.06 58.92 62.43 62.52 62.59 62.62 62.62 62.58 62.50 62.37 62.21 62.02 61.79 61.55 61.29 61.03 60.77 60.54 60.33 60.16 60.04 59.96 59.95 59.99 60.09 60.25 60.45 60.70 60.99 61.30 61.63 61.96 62.27 62.57 62.83 63.04 63.21 63.32 63.36 63.35 63.27 63.14 62.96 62.73 62.47 62.18 61.89 61.59 61.31 61.04 60.81 60.61 60.46 60.35 60.29 60.28 60.32 60.40 60.52 60.66 60.83 61.01 61.19 61.37 61.54 61.69 61.81 61.92 61.99 62.04 62.06 62.06 62.04 62.01 61.96 61.92 61.87 61.83 61.80 61.79 61.79 61.81 61.84 61.89 61.94 62.00 62.06 62.11 62.15 62.17 62.17 62.15 62.09 62.01 61.89 61.75 61.59 61.40 61.21 61.01 60.82 60.64 60.48 60.35 60.26 60.21 60.21 60.26 60.37 60.52 60.72 60.96 61.23 61.52 61.82 62.13 62.42 62.69 62.93 63.13 63.27 63.36 63.38 63.34 63.25 63.09 62.88 62.63 62.34
